{
 "cells": [
  {
   "cell_type": "code",
   "execution_count": 165,
   "metadata": {},
   "outputs": [
    {
     "name": "stdout",
     "output_type": "stream",
     "text": [
      "The autoreload extension is already loaded. To reload it, use:\n",
      "  %reload_ext autoreload\n"
     ]
    }
   ],
   "source": [
    "import numpy as np\n",
    "import scipy as sp\n",
    "import matplotlib.pyplot as plt\n",
    "import matplotlib.cm as cm\n",
    "import pandas as pd\n",
    "import h5py\n",
    "import os\n",
    "import time\n",
    "import pickle\n",
    "\n",
    "from util import *\n",
    "import scanpy.api as sc\n",
    "import data_loader as dl\n",
    "import scdd as sd\n",
    "\n",
    "%matplotlib inline\n",
    "%load_ext autoreload\n",
    "%autoreload 2\n",
    "\n",
    "from matplotlib import rcParams\n",
    "\n",
    "params = {\n",
    "   'axes.labelsize': 16,\n",
    "   'font.size': 16,\n",
    "   'legend.fontsize': 10,\n",
    "   'xtick.labelsize': 13,\n",
    "   'ytick.labelsize': 13,\n",
    "   'text.usetex': False,\n",
    "   'text.usetex': False,\n",
    "   }\n",
    "rcParams.update(params)"
   ]
  },
  {
   "cell_type": "code",
   "execution_count": 166,
   "metadata": {
    "collapsed": true
   },
   "outputs": [],
   "source": [
    "output_folder = './figures/figure_tradeoff_posthoc_brain'\n",
    "if not os.path.exists(output_folder):\n",
    "    os.makedirs(output_folder)"
   ]
  },
  {
   "cell_type": "code",
   "execution_count": 167,
   "metadata": {
    "collapsed": true
   },
   "outputs": [],
   "source": [
    "## Read subsample parameters\n",
    "fname = './figures/figure_tradeoff_curve/data/subsample_param.pickle'\n",
    "f_myfile = open(fname, 'rb')\n",
    "B_sub_list = pickle.load(f_myfile)\n",
    "subsample_param_dic = pickle.load(f_myfile)\n",
    "f_myfile.close()"
   ]
  },
  {
   "cell_type": "markdown",
   "metadata": {},
   "source": [
    "# Generate a nice toy example (from 4k)"
   ]
  },
  {
   "cell_type": "code",
   "execution_count": 225,
   "metadata": {},
   "outputs": [
    {
     "name": "stdout",
     "output_type": "stream",
     "text": [
      "Variable names are not unique. To make them unique, call `.var_names_make_unique`.\n"
     ]
    }
   ],
   "source": [
    "data = dl.load_10x_9k()\n",
    "# mean_count = np.array(data.X.mean(axis=0)).reshape(-1)\n",
    "# sort_idx = np.argsort(mean_count)[::-1]"
   ]
  },
  {
   "cell_type": "code",
   "execution_count": 226,
   "metadata": {
    "scrolled": false
   },
   "outputs": [
    {
     "name": "stdout",
     "output_type": "stream",
     "text": [
      "Gria2 4.285276\n",
      "Neurod1 1.0087643\n",
      "Gadd45g 0.85297984\n",
      "Clmp 0.6976337\n",
      "Nrp1 2.8648117\n",
      "Pcp4 1.9129053\n",
      "Rnd2 0.6795574\n",
      "Mef2c 1.6161262\n",
      "Ptprd 0.63792723\n",
      "Ly6h 2.7261174\n",
      "Meg3 5.4986854\n",
      "Tbr1 0.64723927\n",
      "Pax6 0.72283083\n"
     ]
    }
   ],
   "source": [
    "marker_gene_list= ['Lhx6','Rpp25','Npy','Sst','Nxph1','Gria1','Gria2','Dlx2','Dlx1','Cldn1','Col4a2','Col4a1',\\\n",
    "                  'Itm2a','Ccl4','Neurod1','Vtn','Igfbp4','Gadd45g','Hs6st2','Satb2','Jakmip1','Clmp','Nrp1',\\\n",
    "                  'S100a10','Pcp4','Rnd2','Mef2c','Ptprd','Ly6h','Camk2b','Meg3','Tbr1','Reln',\\\n",
    "                  'Cdk1','Cdkn2c','Pax6','Prox1']\n",
    "\n",
    "gene_list = []\n",
    "for gene in marker_gene_list:\n",
    "    if gene in data.var_names:\n",
    "#         print(gene,data[:,gene].X.mean())\n",
    "        if data[:,gene].X.mean()>0.6:\n",
    "            print(gene,data[:,gene].X.mean())\n",
    "            gene_list.append(gene)\n",
    "            Y = np.array(data[:,gene].X)\n",
    "#             plt.figure()\n",
    "#             plt.hist(Y,bins=50)\n",
    "#             plt.show()"
   ]
  },
  {
   "cell_type": "code",
   "execution_count": 227,
   "metadata": {
    "scrolled": true
   },
   "outputs": [
    {
     "name": "stdout",
     "output_type": "stream",
     "text": [
      "## cv_true [1.08086645 2.29301669 3.50117774 1.73035241 1.56785441 2.83079632\n",
      " 2.01315434 2.5082751  1.77157508 1.3669762  2.51896814 1.81812092\n",
      " 2.09872271]\n",
      "## PC_true\n",
      "[[ 1.          0.09847159 -0.10259586  0.48347617  0.47054424 -0.02813446\n",
      "   0.06382124  0.00643929  0.23755857  0.25049797 -0.0535213   0.202796\n",
      "  -0.15611941]\n",
      " [ 0.09847159  1.          0.07304256  0.01770208  0.20191454  0.17361417\n",
      "   0.33431055 -0.10855581 -0.01542357  0.14616863 -0.04595254  0.18957503\n",
      "   0.02882167]\n",
      " [-0.10259586  0.07304256  1.         -0.08401742 -0.09145085  0.01554123\n",
      "   0.03405339 -0.0628135  -0.04005173 -0.06491591 -0.01933563 -0.00375343\n",
      "   0.27474891]\n",
      " [ 0.48347617  0.01770208 -0.08401742  1.          0.43681121 -0.06238514\n",
      "   0.08335828  0.14237557  0.1982423   0.27244182 -0.00451852  0.0767651\n",
      "  -0.13579819]\n",
      " [ 0.47054424  0.20191454 -0.09145085  0.43681121  1.         -0.04733708\n",
      "   0.24355009 -0.06350648  0.10163404  0.38905472  0.03326279  0.02167401\n",
      "  -0.15550642]\n",
      " [-0.02813446  0.17361417  0.01554123 -0.06238514 -0.04733708  1.\n",
      "   0.19426313 -0.09985221 -0.03714307  0.30411556  0.39694486  0.36318025\n",
      "   0.02769453]\n",
      " [ 0.06382124  0.33431055  0.03405339  0.08335828  0.24355009  0.19426313\n",
      "   1.         -0.11060329 -0.03614216  0.08470724 -0.03386995  0.20634206\n",
      "   0.0756062 ]\n",
      " [ 0.00643929 -0.10855581 -0.0628135   0.14237557 -0.06350648 -0.09985221\n",
      "  -0.11060329  1.          0.38142749  0.20486179  0.12824842 -0.04708209\n",
      "  -0.11808041]\n",
      " [ 0.23755857 -0.01542357 -0.04005173  0.1982423   0.10163404 -0.03714307\n",
      "  -0.03614216  0.38142749  1.          0.28285913  0.16143114  0.06377017\n",
      "  -0.05348724]\n",
      " [ 0.25049797  0.14616863 -0.06491591  0.27244182  0.38905472  0.30411556\n",
      "   0.08470724  0.20486179  0.28285913  1.          0.50862525  0.14512424\n",
      "  -0.16194722]\n",
      " [-0.0535213  -0.04595254 -0.01933563 -0.00451852  0.03326279  0.39694486\n",
      "  -0.03386995  0.12824842  0.16143114  0.50862525  1.          0.08889474\n",
      "  -0.09114866]\n",
      " [ 0.202796    0.18957503 -0.00375343  0.0767651   0.02167401  0.36318025\n",
      "   0.20634206 -0.04708209  0.06377017  0.14512424  0.08889474  1.\n",
      "   0.01273489]\n",
      " [-0.15611941  0.02882167  0.27474891 -0.13579819 -0.15550642  0.02769453\n",
      "   0.0756062  -0.11808041 -0.05348724 -0.16194722 -0.09114866  0.01273489\n",
      "   1.        ]]\n",
      "## p0_true\n",
      "[0.22677476 0.67813322 0.74528922 0.63442156 0.44818142 0.6520596\n",
      " 0.68251534 0.62883436 0.63168273 0.32690622 0.56332165 0.65490798\n",
      " 0.69160824]\n",
      "## inactive_true\n",
      "[0.58721811 0.76034286 0.80616231 0.70878354 0.67052068 0.77485602\n",
      " 0.74219336 0.75448376 0.70691894 0.62396504 0.75744373 0.72101824\n",
      " 0.75098836]\n",
      "## pairwise_inactive_true\n",
      "[[0.58721811 0.4714869  0.45937856 0.47808155 0.46118346 0.46336941\n",
      "  0.44707445 0.44466472 0.44409448 0.40778987 0.43763569 0.45917617\n",
      "  0.41672667]\n",
      " [0.4714869  0.76034286 0.63149019 0.55171507 0.54065609 0.63637639\n",
      "  0.62189203 0.55039641 0.53880836 0.4899535  0.56799564 0.59014304\n",
      "  0.57864631]\n",
      " [0.45937856 0.63149019 0.80616231 0.55283497 0.52538268 0.63596453\n",
      "  0.61117831 0.59322112 0.56171941 0.49036263 0.6013594  0.58907908\n",
      "  0.6431946 ]\n",
      " [0.47808155 0.55171507 0.55283497 0.70878354 0.54717072 0.54459593\n",
      "  0.53479726 0.55124597 0.53271655 0.48975257 0.54181964 0.53016848\n",
      "  0.50444248]\n",
      " [0.46118346 0.54065609 0.52538268 0.54717072 0.67052068 0.52363789\n",
      "  0.52135838 0.49765809 0.49612272 0.46920762 0.51082409 0.50095732\n",
      "  0.47397352]\n",
      " [0.46336941 0.63637639 0.63596453 0.54459593 0.52363789 0.77485602\n",
      "  0.62997992 0.55562727 0.54122162 0.4816168  0.5811479  0.60565362\n",
      "  0.59460307]\n",
      " [0.44707445 0.62189203 0.61117831 0.53479726 0.52135838 0.62997992\n",
      "  0.74219336 0.53144502 0.51727554 0.46019429 0.55163225 0.57063657\n",
      "  0.57583462]\n",
      " [0.44466472 0.55039641 0.59322112 0.55124597 0.49765809 0.55562727\n",
      "  0.53144502 0.75448376 0.57476201 0.49750849 0.60513342 0.53200658\n",
      "  0.53791056]\n",
      " [0.44409448 0.53880836 0.56171941 0.53271655 0.49612272 0.54122162\n",
      "  0.51727554 0.57476201 0.70691894 0.47544053 0.55517547 0.52139149\n",
      "  0.51873026]\n",
      " [0.40778987 0.4899535  0.49036263 0.48975257 0.46920762 0.4816168\n",
      "  0.46019429 0.49750849 0.47544053 0.62396504 0.52246994 0.45968653\n",
      "  0.43318822]\n",
      " [0.43763569 0.56799564 0.6013594  0.54181964 0.51082409 0.5811479\n",
      "  0.55163225 0.60513342 0.55517547 0.52246994 0.75744373 0.53162483\n",
      "  0.54017503]\n",
      " [0.45917617 0.59014304 0.58907908 0.53016848 0.50095732 0.60565362\n",
      "  0.57063657 0.53200658 0.52139149 0.45968653 0.53162483 0.72101824\n",
      "  0.54577974]\n",
      " [0.41672667 0.57864631 0.6431946  0.50444248 0.47397352 0.59460307\n",
      "  0.57583462 0.53791056 0.51873026 0.43318822 0.54017503 0.54577974\n",
      "  0.75098836]]\n"
     ]
    }
   ],
   "source": [
    "## Generate the toy example\n",
    "Y = np.array(data[:,gene_list].X.todense()).astype(dtype=int)\n",
    "\n",
    "p_true = np.ones([Y.shape[0]])\n",
    "p_true = p_true / np.sum(p_true)\n",
    "# x_true = Y / np.sum(Y) * Y.shape[0]\n",
    "\n",
    "## Making each column of x to have the same mean \n",
    "# x_true = Y.copy()\n",
    "x_true = Y / Y.mean(axis=0)\n",
    "x_true = x_true/x_true.sum()*Y.shape[0]\n",
    "\n",
    "## calculate the related quantities\n",
    "M_true = np.zeros([2,x_true.shape[1]])\n",
    "M_true[0] = np.mean(x_true,axis=0)\n",
    "M_true[1] = np.mean(x_true**2,axis=0)\n",
    "mean_true = x_true.mean(axis=0)\n",
    "var_true = x_true.var(axis=0)\n",
    "cv_true = np.sqrt(var_true)/mean_true\n",
    "gamma_param_true = sd.M_to_gamma(M_true)\n",
    "\n",
    "cov_true = np.cov(x_true.T)\n",
    "_,V_true = np.linalg.eigh(cov_true)\n",
    "PeCo_true = np.corrcoef(x_true.T)\n",
    "p0_true = np.mean(x_true==0,axis=0)\n",
    "kappa = 10\n",
    "temp = np.exp(-kappa*x_true)\n",
    "inactive_true = np.mean(temp,axis=0)\n",
    "pairwise_inactive_true = temp.T.dot(temp)/temp.shape[0]\n",
    "np.fill_diagonal(pairwise_inactive_true,inactive_true)\n",
    "##\n",
    "dist_true = {}\n",
    "for i in range(Y.shape[1]):\n",
    "    p_dist_true_1d = np.bincount(Y[:,i])\n",
    "    p_dist_true_1d = p_dist_true_1d / np.sum(p_dist_true_1d)\n",
    "    x_dist_true_1d = np.arange(p_dist_true_1d.shape[0])\n",
    "    dist_true[i] = [p_dist_true_1d,x_dist_true_1d]\n",
    "\n",
    "print('## cv_true',cv_true)\n",
    "print('## PC_true')\n",
    "print(PeCo_true)\n",
    "\n",
    "print('## p0_true')\n",
    "print(p0_true)\n",
    "\n",
    "print('## inactive_true')\n",
    "print(inactive_true)\n",
    "\n",
    "print('## pairwise_inactive_true')\n",
    "print(pairwise_inactive_true)"
   ]
  },
  {
   "cell_type": "code",
   "execution_count": null,
   "metadata": {
    "collapsed": true
   },
   "outputs": [],
   "source": []
  },
  {
   "cell_type": "markdown",
   "metadata": {},
   "source": [
    "# Diagnosis"
   ]
  },
  {
   "cell_type": "code",
   "execution_count": 216,
   "metadata": {
    "collapsed": true
   },
   "outputs": [],
   "source": [
    "Nr = 2\n",
    "Nc = 20000\n",
    "data,size_factor = dl.poi_data_gen_nd(p_true,x_true,Nc=Nc, Nr=Nr,random_seed=0)"
   ]
  },
  {
   "cell_type": "code",
   "execution_count": 217,
   "metadata": {},
   "outputs": [
    {
     "name": "stdout",
     "output_type": "stream",
     "text": [
      "## mean_true [0.07692308 0.07692308 0.07692308 0.07692308 0.07692308 0.07692308\n",
      " 0.07692308 0.07692308 0.07692308 0.07692308 0.07692308 0.07692308\n",
      " 0.07692308]\n",
      "## mean_ml [0.07903273 0.07642763 0.08138199 0.07836921 0.07550165 0.07709914\n",
      " 0.07512778 0.07505165 0.07652477 0.07647624 0.07421931 0.07503639\n",
      " 0.07693196]\n",
      "## mean_dd [0.07903273 0.07642763 0.08138199 0.07836921 0.07550165 0.07709914\n",
      " 0.07512778 0.07505165 0.07652477 0.07647624 0.07421931 0.07503639\n",
      " 0.07693196]\n",
      "\n",
      "## var_true [0.00691285 0.03111199 0.072534   0.01771668 0.01454537 0.04741661\n",
      " 0.02398101 0.03722748 0.01857088 0.01105695 0.03754557 0.01955955\n",
      " 0.02606294]\n",
      "## var_ml [0.04838747 0.07221871 0.12707495 0.05974833 0.05483704 0.09206211\n",
      " 0.06160288 0.07540602 0.05946035 0.05119397 0.07809713 0.05691635\n",
      " 0.06532875]\n",
      "## var_dd [0.0068436  0.03235407 0.0844812  0.01888354 0.01564147 0.05159732\n",
      " 0.02232915 0.03625506 0.01935118 0.0113056  0.03961951 0.01799875\n",
      " 0.02521315]\n",
      "\n",
      "## cv_true [1.08086645 2.29301669 3.50117774 1.73035241 1.56785441 2.83079632\n",
      " 2.01315434 2.5082751  1.77157508 1.3669762  2.51896814 1.81812092\n",
      " 2.09872271]\n",
      "## cv_ml [2.78329662 3.51620721 4.38027794 3.11901486 3.10156285 3.93541864\n",
      " 3.30369519 3.65883465 3.18648349 2.95857706 3.76530886 3.17941045\n",
      " 3.32234985]\n",
      "## cv_dd [1.04673182 2.35349924 3.57150894 1.75346182 1.65646541 2.94621235\n",
      " 1.98900371 2.53702108 1.81782353 1.39033752 2.6818694  1.78792497\n",
      " 2.06398578]\n",
      "\n",
      "## gamma_true [[0.0898671  0.40445581 0.94294196 0.23031688 0.1890898  0.61641599\n",
      "  0.31175311 0.48395723 0.2414214  0.1437403  0.48809235 0.25427413\n",
      "  0.33881823]\n",
      " [0.85596484 0.19018908 0.08157774 0.33398801 0.40680711 0.12479085\n",
      "  0.24674358 0.15894602 0.31862575 0.53515316 0.15759943 0.30252027\n",
      "  0.22703346]]\n",
      "## gamma_ml [[0.61224602 0.94492934 1.56146278 0.76239552 0.72630261 1.19407445\n",
      "  0.81997475 1.00472171 0.77700784 0.66941015 1.05224807 0.75851662\n",
      "  0.84917567]\n",
      " [0.12908656 0.08088185 0.05211907 0.10279337 0.10395343 0.06456812\n",
      "  0.09162206 0.07469894 0.09848649 0.11424422 0.07053404 0.09892517\n",
      "  0.09059605]]\n",
      "## gamma_dd [[0.08659201 0.4233295  1.03808229 0.24095618 0.20716729 0.66923342\n",
      "  0.29721568 0.48306811 0.25287477 0.14783151 0.53381672 0.23986699\n",
      "  0.32773304]\n",
      " [0.9127023  0.18053935 0.07839647 0.32524256 0.36444774 0.11520515\n",
      "  0.25277191 0.15536452 0.30261926 0.5173203  0.1390352  0.31282498\n",
      "  0.23473973]]\n"
     ]
    }
   ],
   "source": [
    "## cv \n",
    "M_ml,M_dd = sd.dd_1d_moment(data,verbose=False,size_factor=size_factor)\n",
    "var_ml = sd.M_to_var(M_ml)\n",
    "var_dd = sd.M_to_var(M_dd)\n",
    "cv_ml = sd.M_to_cv(M_ml)\n",
    "cv_dd = sd.M_to_cv(M_dd)\n",
    "gamma_param_ml = sd.M_to_gamma(M_ml)\n",
    "gamma_param_ml[0] /= Nr\n",
    "gamma_param_dd = sd.M_to_gamma(M_dd)\n",
    "gamma_param_dd[0] /= Nr\n",
    "\n",
    "print('## mean_true',mean_true)\n",
    "print('## mean_ml',M_ml[0]/Nr)\n",
    "print('## mean_dd',M_dd[0]/Nr)\n",
    "print('')\n",
    "\n",
    "print('## var_true',var_true)\n",
    "print('## var_ml',var_ml/Nr**2)\n",
    "print('## var_dd',var_dd/Nr**2)\n",
    "print('')\n",
    "\n",
    "print('## cv_true',cv_true)\n",
    "print('## cv_ml',cv_ml)\n",
    "print('## cv_dd',cv_dd)\n",
    "print('')\n",
    "\n",
    "print('## gamma_true',gamma_param_true)\n",
    "print('## gamma_ml',gamma_param_ml)\n",
    "print('## gamma_dd',gamma_param_dd)\n"
   ]
  },
  {
   "cell_type": "code",
   "execution_count": 218,
   "metadata": {},
   "outputs": [
    {
     "name": "stdout",
     "output_type": "stream",
     "text": [
      "## cov_true\n",
      "[[ 0.00691361  0.00144428 -0.00229761  0.00535109  0.00471888 -0.00050942\n",
      "   0.00082182  0.00010331  0.00269193  0.00219027 -0.00086235  0.00235839\n",
      "  -0.00209578]\n",
      " [ 0.00144428  0.03111539  0.00347023  0.00041565  0.00429577  0.00666902\n",
      "   0.00913262 -0.00369485 -0.00037078  0.00271134 -0.00157073  0.00467705\n",
      "   0.00082081]\n",
      " [-0.00229761  0.00347023  0.07254194 -0.00301217 -0.00297077  0.00091153\n",
      "   0.00142041 -0.0032644  -0.00147013 -0.0018386  -0.00100915 -0.00014139\n",
      "   0.0119472 ]\n",
      " [ 0.00535109  0.00041565 -0.00301217  0.01771862  0.00701286 -0.00180836\n",
      "   0.00171839  0.00365684  0.00359626  0.00381356 -0.00011655  0.00142916\n",
      "  -0.0029184 ]\n",
      " [ 0.00471888  0.00429577 -0.00297077  0.00701286  0.01454696 -0.0012433\n",
      "   0.00454917 -0.00147795  0.00167057  0.00493444  0.00077741  0.00036562\n",
      "  -0.0030281 ]\n",
      " [-0.00050942  0.00666902  0.00091153 -0.00180836 -0.0012433   0.04742181\n",
      "   0.00655144 -0.00419568 -0.00110232  0.00696417  0.01675029  0.01106151\n",
      "   0.00097369]\n",
      " [ 0.00082182  0.00913262  0.00142041  0.00171839  0.00454917  0.00655144\n",
      "   0.02398364 -0.00330507 -0.0007628   0.00137949 -0.00101642  0.00446939\n",
      "   0.00189039]\n",
      " [ 0.00010331 -0.00369485 -0.0032644   0.00365684 -0.00147795 -0.00419568\n",
      "  -0.00330507  0.03723156  0.01003015  0.00415679  0.00479524 -0.00127062\n",
      "  -0.00367848]\n",
      " [ 0.00269193 -0.00037078 -0.00147013  0.00359626  0.00167057 -0.00110232\n",
      "  -0.0007628   0.01003015  0.01857291  0.0040537   0.00426315  0.00121552\n",
      "  -0.00117686]\n",
      " [ 0.00219027  0.00271134 -0.0018386   0.00381356  0.00493444  0.00696417\n",
      "   0.00137949  0.00415679  0.0040537   0.01105816  0.01036436  0.00213444\n",
      "  -0.00274948]\n",
      " [-0.00086235 -0.00157073 -0.00100915 -0.00011655  0.00077741  0.01675029\n",
      "  -0.00101642  0.00479524  0.00426315  0.01036436  0.03754968  0.00240925\n",
      "  -0.0028516 ]\n",
      " [ 0.00235839  0.00467705 -0.00014139  0.00142916  0.00036562  0.01106151\n",
      "   0.00446939 -0.00127062  0.00121552  0.00213444  0.00240925  0.01956169\n",
      "   0.00028756]\n",
      " [-0.00209578  0.00082081  0.0119472  -0.0029184  -0.0030281   0.00097369\n",
      "   0.00189039 -0.00367848 -0.00117686 -0.00274948 -0.0028516   0.00028756\n",
      "   0.0260658 ]]\n",
      "## cov_ml\n",
      "[[ 4.83874745e-02  2.00152788e-03 -2.11296330e-03  5.54832836e-03\n",
      "   4.70751437e-03 -2.30183963e-04  1.37958867e-03 -3.52402442e-04\n",
      "   2.91521661e-03  2.08499842e-03 -4.66700220e-04  2.32248575e-03\n",
      "  -1.87042636e-03]\n",
      " [ 2.00152788e-03  7.22187128e-02  4.85792566e-03  2.56514247e-04\n",
      "   4.19923147e-03  7.06288217e-03  7.17993932e-03 -3.58061125e-03\n",
      "  -9.35886150e-04  3.15676941e-03 -1.70501436e-03  5.34720226e-03\n",
      "   1.23835434e-03]\n",
      " [-2.11296330e-03  4.85792566e-03  1.27074946e-01 -2.77215722e-03\n",
      "  -3.09966238e-03  4.50454651e-04  1.29037203e-03 -3.17706396e-03\n",
      "   5.05059728e-05 -2.17050878e-03 -1.85666723e-03 -3.45193056e-04\n",
      "   1.42355390e-02]\n",
      " [ 5.54832836e-03  2.56514247e-04 -2.77215722e-03  5.97483317e-02\n",
      "   7.29998670e-03 -2.08417027e-03  1.38283683e-03  3.31972089e-03\n",
      "   4.18291359e-03  4.06416134e-03 -5.44576666e-04  1.58010030e-03\n",
      "  -3.13331514e-03]\n",
      " [ 4.70751437e-03  4.19923147e-03 -3.09966238e-03  7.29998670e-03\n",
      "   5.48370446e-02 -6.19962869e-04  4.62464830e-03 -1.74584151e-03\n",
      "   1.16091803e-03  4.20960070e-03  4.66134630e-04 -3.07493394e-05\n",
      "  -3.13038265e-03]\n",
      " [-2.30183963e-04  7.06288217e-03  4.50454651e-04 -2.08417027e-03\n",
      "  -6.19962869e-04  9.20621122e-02  5.17779395e-03 -4.03026642e-03\n",
      "  -5.11523376e-04  6.38738873e-03  1.84984070e-02  1.06366081e-02\n",
      "   1.47203852e-03]\n",
      " [ 1.37958867e-03  7.17993932e-03  1.29037203e-03  1.38283683e-03\n",
      "   4.62464830e-03  5.17779395e-03  6.16028803e-02 -3.40786320e-03\n",
      "  -7.04752766e-04  1.06316878e-03 -1.44522258e-03  4.55663225e-03\n",
      "   1.76770717e-03]\n",
      " [-3.52402442e-04 -3.58061125e-03 -3.17706396e-03  3.31972089e-03\n",
      "  -1.74584151e-03 -4.03026642e-03 -3.40786320e-03  7.54060176e-02\n",
      "   1.10980278e-02  3.95418483e-03  4.67792410e-03 -3.04194090e-04\n",
      "  -3.64820602e-03]\n",
      " [ 2.91521661e-03 -9.35886150e-04  5.05059728e-05  4.18291359e-03\n",
      "   1.16091803e-03 -5.11523376e-04 -7.04752766e-04  1.10980278e-02\n",
      "   5.94603494e-02  3.77290702e-03  3.39381988e-03  1.21041826e-03\n",
      "  -7.57361599e-04]\n",
      " [ 2.08499842e-03  3.15676941e-03 -2.17050878e-03  4.06416134e-03\n",
      "   4.20960070e-03  6.38738873e-03  1.06316878e-03  3.95418483e-03\n",
      "   3.77290702e-03  5.11939714e-02  1.02941188e-02  1.83090326e-03\n",
      "  -2.47583821e-03]\n",
      " [-4.66700220e-04 -1.70501436e-03 -1.85666723e-03 -5.44576666e-04\n",
      "   4.66134630e-04  1.84984070e-02 -1.44522258e-03  4.67792410e-03\n",
      "   3.39381988e-03  1.02941188e-02  7.80971275e-02  1.78311811e-03\n",
      "  -2.90664609e-03]\n",
      " [ 2.32248575e-03  5.34720226e-03 -3.45193056e-04  1.58010030e-03\n",
      "  -3.07493394e-05  1.06366081e-02  4.55663225e-03 -3.04194090e-04\n",
      "   1.21041826e-03  1.83090326e-03  1.78311811e-03  5.69163452e-02\n",
      "   1.17156795e-03]\n",
      " [-1.87042636e-03  1.23835434e-03  1.42355390e-02 -3.13331514e-03\n",
      "  -3.13038265e-03  1.47203852e-03  1.76770717e-03 -3.64820602e-03\n",
      "  -7.57361599e-04 -2.47583821e-03 -2.90664609e-03  1.17156795e-03\n",
      "   6.53287525e-02]]\n",
      "## cov_dd\n",
      "[[ 6.84360328e-03  2.00152788e-03 -2.11296330e-03  5.54832836e-03\n",
      "   4.70751437e-03 -2.30183963e-04  1.37958867e-03 -3.52402442e-04\n",
      "   2.91521661e-03  2.08499842e-03 -4.66700220e-04  2.32248575e-03\n",
      "  -1.87042636e-03]\n",
      " [ 2.00152788e-03  3.23540720e-02  4.85792566e-03  2.56514247e-04\n",
      "   4.19923147e-03  7.06288217e-03  7.17993932e-03 -3.58061125e-03\n",
      "  -9.35886150e-04  3.15676941e-03 -1.70501436e-03  5.34720226e-03\n",
      "   1.23835434e-03]\n",
      " [-2.11296330e-03  4.85792566e-03  8.44812016e-02 -2.77215722e-03\n",
      "  -3.09966238e-03  4.50454651e-04  1.29037203e-03 -3.17706396e-03\n",
      "   5.05059728e-05 -2.17050878e-03 -1.85666723e-03 -3.45193056e-04\n",
      "   1.42355390e-02]\n",
      " [ 5.54832836e-03  2.56514247e-04 -2.77215722e-03  1.88835448e-02\n",
      "   7.29998670e-03 -2.08417027e-03  1.38283683e-03  3.31972089e-03\n",
      "   4.18291359e-03  4.06416134e-03 -5.44576666e-04  1.58010030e-03\n",
      "  -3.13331514e-03]\n",
      " [ 4.70751437e-03  4.19923147e-03 -3.09966238e-03  7.29998670e-03\n",
      "   1.56414717e-02 -6.19962869e-04  4.62464830e-03 -1.74584151e-03\n",
      "   1.16091803e-03  4.20960070e-03  4.66134630e-04 -3.07493394e-05\n",
      "  -3.13038265e-03]\n",
      " [-2.30183963e-04  7.06288217e-03  4.50454651e-04 -2.08417027e-03\n",
      "  -6.19962869e-04  5.15973204e-02  5.17779395e-03 -4.03026642e-03\n",
      "  -5.11523376e-04  6.38738873e-03  1.84984070e-02  1.06366081e-02\n",
      "   1.47203852e-03]\n",
      " [ 1.37958867e-03  7.17993932e-03  1.29037203e-03  1.38283683e-03\n",
      "   4.62464830e-03  5.17779395e-03  2.23291536e-02 -3.40786320e-03\n",
      "  -7.04752766e-04  1.06316878e-03 -1.44522258e-03  4.55663225e-03\n",
      "   1.76770717e-03]\n",
      " [-3.52402442e-04 -3.58061125e-03 -3.17706396e-03  3.31972089e-03\n",
      "  -1.74584151e-03 -4.03026642e-03 -3.40786320e-03  3.62550569e-02\n",
      "   1.10980278e-02  3.95418483e-03  4.67792410e-03 -3.04194090e-04\n",
      "  -3.64820602e-03]\n",
      " [ 2.91521661e-03 -9.35886150e-04  5.05059728e-05  4.18291359e-03\n",
      "   1.16091803e-03 -5.11523376e-04 -7.04752766e-04  1.10980278e-02\n",
      "   1.93511845e-02  3.77290702e-03  3.39381988e-03  1.21041826e-03\n",
      "  -7.57361599e-04]\n",
      " [ 2.08499842e-03  3.15676941e-03 -2.17050878e-03  4.06416134e-03\n",
      "   4.20960070e-03  6.38738873e-03  1.06316878e-03  3.95418483e-03\n",
      "   3.77290702e-03  1.13055979e-02  1.02941188e-02  1.83090326e-03\n",
      "  -2.47583821e-03]\n",
      " [-4.66700220e-04 -1.70501436e-03 -1.85666723e-03 -5.44576666e-04\n",
      "   4.66134630e-04  1.84984070e-02 -1.44522258e-03  4.67792410e-03\n",
      "   3.39381988e-03  1.02941188e-02  3.96195098e-02  1.78311811e-03\n",
      "  -2.90664609e-03]\n",
      " [ 2.32248575e-03  5.34720226e-03 -3.45193056e-04  1.58010030e-03\n",
      "  -3.07493394e-05  1.06366081e-02  4.55663225e-03 -3.04194090e-04\n",
      "   1.21041826e-03  1.83090326e-03  1.78311811e-03  1.79987518e-02\n",
      "   1.17156795e-03]\n",
      " [-1.87042636e-03  1.23835434e-03  1.42355390e-02 -3.13331514e-03\n",
      "  -3.13038265e-03  1.47203852e-03  1.76770717e-03 -3.64820602e-03\n",
      "  -7.57361599e-04 -2.47583821e-03 -2.90664609e-03  1.17156795e-03\n",
      "   2.52131461e-02]]\n",
      "\n",
      "## PeCo_true\n",
      "[[ 1.          0.09847159 -0.10259586  0.48347617  0.47054424 -0.02813446\n",
      "   0.06382124  0.00643929  0.23755857  0.25049797 -0.0535213   0.202796\n",
      "  -0.15611941]\n",
      " [ 0.09847159  1.          0.07304256  0.01770208  0.20191454  0.17361417\n",
      "   0.33431055 -0.10855581 -0.01542357  0.14616863 -0.04595254  0.18957503\n",
      "   0.02882167]\n",
      " [-0.10259586  0.07304256  1.         -0.08401742 -0.09145085  0.01554123\n",
      "   0.03405339 -0.0628135  -0.04005173 -0.06491591 -0.01933563 -0.00375343\n",
      "   0.27474891]\n",
      " [ 0.48347617  0.01770208 -0.08401742  1.          0.43681121 -0.06238514\n",
      "   0.08335828  0.14237557  0.1982423   0.27244182 -0.00451852  0.0767651\n",
      "  -0.13579819]\n",
      " [ 0.47054424  0.20191454 -0.09145085  0.43681121  1.         -0.04733708\n",
      "   0.24355009 -0.06350648  0.10163404  0.38905472  0.03326279  0.02167401\n",
      "  -0.15550642]\n",
      " [-0.02813446  0.17361417  0.01554123 -0.06238514 -0.04733708  1.\n",
      "   0.19426313 -0.09985221 -0.03714307  0.30411556  0.39694486  0.36318025\n",
      "   0.02769453]\n",
      " [ 0.06382124  0.33431055  0.03405339  0.08335828  0.24355009  0.19426313\n",
      "   1.         -0.11060329 -0.03614216  0.08470724 -0.03386995  0.20634206\n",
      "   0.0756062 ]\n",
      " [ 0.00643929 -0.10855581 -0.0628135   0.14237557 -0.06350648 -0.09985221\n",
      "  -0.11060329  1.          0.38142749  0.20486179  0.12824842 -0.04708209\n",
      "  -0.11808041]\n",
      " [ 0.23755857 -0.01542357 -0.04005173  0.1982423   0.10163404 -0.03714307\n",
      "  -0.03614216  0.38142749  1.          0.28285913  0.16143114  0.06377017\n",
      "  -0.05348724]\n",
      " [ 0.25049797  0.14616863 -0.06491591  0.27244182  0.38905472  0.30411556\n",
      "   0.08470724  0.20486179  0.28285913  1.          0.50862525  0.14512424\n",
      "  -0.16194722]\n",
      " [-0.0535213  -0.04595254 -0.01933563 -0.00451852  0.03326279  0.39694486\n",
      "  -0.03386995  0.12824842  0.16143114  0.50862525  1.          0.08889474\n",
      "  -0.09114866]\n",
      " [ 0.202796    0.18957503 -0.00375343  0.0767651   0.02167401  0.36318025\n",
      "   0.20634206 -0.04708209  0.06377017  0.14512424  0.08889474  1.\n",
      "   0.01273489]\n",
      " [-0.15611941  0.02882167  0.27474891 -0.13579819 -0.15550642  0.02769453\n",
      "   0.0756062  -0.11808041 -0.05348724 -0.16194722 -0.09114866  0.01273489\n",
      "   1.        ]]\n",
      "## PeCo_ml\n",
      "[[ 1.00000000e+00  3.38587012e-02 -2.69460746e-02  1.03188853e-01\n",
      "   9.13877861e-02 -3.44880086e-03  2.52686844e-02 -5.83404036e-03\n",
      "   5.43488832e-02  4.18918792e-02 -7.59196150e-03  4.42555841e-02\n",
      "  -3.32676371e-02]\n",
      " [ 3.38587012e-02  1.00000000e+00  5.07102819e-02  3.90502419e-03\n",
      "   6.67279715e-02  8.66196894e-02  1.07645380e-01 -4.85209502e-02\n",
      "  -1.42818484e-02  5.19168791e-02 -2.27031249e-02  8.34033007e-02\n",
      "   1.80288438e-02]\n",
      " [-2.69460746e-02  5.07102819e-02  1.00000000e+00 -3.18144924e-02\n",
      "  -3.71319199e-02  4.16467044e-03  1.45842622e-02 -3.24558501e-02\n",
      "   5.81030653e-04 -2.69105249e-02 -1.86374535e-02 -4.05894888e-03\n",
      "   1.56239833e-01]\n",
      " [ 1.03188853e-01  3.90502419e-03 -3.18144924e-02  1.00000000e+00\n",
      "   1.27532877e-01 -2.81015217e-02  2.27933173e-02  4.94579005e-02\n",
      "   7.01782077e-02  7.34849897e-02 -7.97220774e-03  2.70958800e-02\n",
      "  -5.01520862e-02]\n",
      " [ 9.13877861e-02  6.67279715e-02 -3.71319199e-02  1.27532877e-01\n",
      "   1.00000000e+00 -8.72545718e-03  7.95685019e-02 -2.71496849e-02\n",
      "   2.03306287e-02  7.94501044e-02  7.12289952e-03 -5.50402334e-04\n",
      "  -5.23007870e-02]\n",
      " [-3.44880086e-03  8.66196894e-02  4.16467044e-03 -2.81015217e-02\n",
      "  -8.72545718e-03  1.00000000e+00  6.87549210e-02 -4.83715814e-02\n",
      "  -6.91371207e-03  9.30408072e-02  2.18160607e-01  1.46941406e-01\n",
      "   1.89813250e-02]\n",
      " [ 2.52686844e-02  1.07645380e-01  1.45842622e-02  2.27933173e-02\n",
      "   7.95685019e-02  6.87549210e-02  1.00000000e+00 -5.00009943e-02\n",
      "  -1.16445457e-02  1.89318168e-02 -2.08361128e-02  7.69528959e-02\n",
      "   2.78649092e-02]\n",
      " [-5.83404036e-03 -4.85209502e-02 -3.24558501e-02  4.94579005e-02\n",
      "  -2.71496849e-02 -4.83715814e-02 -5.00009943e-02  1.00000000e+00\n",
      "   1.65740664e-01  6.36421074e-02  6.09582707e-02 -4.64332698e-03\n",
      "  -5.19785513e-02]\n",
      " [ 5.43488832e-02 -1.42818484e-02  5.81030653e-04  7.01782077e-02\n",
      "   2.03306287e-02 -6.91371207e-03 -1.16445457e-02  1.65740664e-01\n",
      "   1.00000000e+00  6.83837579e-02  4.98032323e-02  2.08067015e-02\n",
      "  -1.21517093e-02]\n",
      " [ 4.18918792e-02  5.19168791e-02 -2.69105249e-02  7.34849897e-02\n",
      "   7.94501044e-02  9.30408072e-02  1.89318168e-02  6.36421074e-02\n",
      "   6.83837579e-02  1.00000000e+00  1.62802937e-01  3.39185662e-02\n",
      "  -4.28115220e-02]\n",
      " [-7.59196150e-03 -2.27031249e-02 -1.86374535e-02 -7.97220774e-03\n",
      "   7.12289952e-03  2.18160607e-01 -2.08361128e-02  6.09582707e-02\n",
      "   4.98032323e-02  1.62802937e-01  1.00000000e+00  2.67450909e-02\n",
      "  -4.06932562e-02]\n",
      " [ 4.42555841e-02  8.34033007e-02 -4.05894888e-03  2.70958800e-02\n",
      "  -5.50402334e-04  1.46941406e-01  7.69528959e-02 -4.64332698e-03\n",
      "   2.08067015e-02  3.39185662e-02  2.67450909e-02  1.00000000e+00\n",
      "   1.92130714e-02]\n",
      " [-3.32676371e-02  1.80288438e-02  1.56239833e-01 -5.01520862e-02\n",
      "  -5.23007870e-02  1.89813250e-02  2.78649092e-02 -5.19785513e-02\n",
      "  -1.21517093e-02 -4.28115220e-02 -4.06932562e-02  1.92130714e-02\n",
      "   1.00000000e+00]]\n",
      "## PeCo_dd\n",
      "[[ 1.          0.13451006 -0.08787584  0.48806536  0.45499899 -0.01224952\n",
      "   0.11160177 -0.02237238  0.25332301  0.23703722 -0.02834269  0.20926156\n",
      "  -0.1423917 ]\n",
      " [ 0.13451006  1.          0.09291939  0.0103778   0.18666656  0.17286374\n",
      "   0.26712847 -0.10454624 -0.03740286  0.16505612 -0.04762215  0.2215853\n",
      "   0.04335777]\n",
      " [-0.08787584  0.09291939  1.         -0.06940585 -0.08526986  0.00682272\n",
      "   0.02970973 -0.05740657  0.00124913 -0.07023195 -0.0320922  -0.0088524\n",
      "   0.30844686]\n",
      " [ 0.48806536  0.0103778  -0.06940585  1.          0.42475794 -0.06676946\n",
      "   0.06734309  0.12687484  0.21881816  0.27815214 -0.01990961  0.08570807\n",
      "  -0.14359813]\n",
      " [ 0.45499899  0.18666656 -0.08526986  0.42475794  1.         -0.02182294\n",
      "   0.2474593  -0.07331312  0.06672813  0.31655948  0.01872484 -0.00183263\n",
      "  -0.15763226]\n",
      " [-0.01224952  0.17286374  0.00682272 -0.06676946 -0.02182294  1.\n",
      "   0.15254398 -0.09318283 -0.01618818  0.26446184  0.4091346   0.34903453\n",
      "   0.04081239]\n",
      " [ 0.11160177  0.26712847  0.02970973  0.06734309  0.2474593   0.15254398\n",
      "   1.         -0.11977377 -0.03390368  0.06691436 -0.04858968  0.22729331\n",
      "   0.07450075]\n",
      " [-0.02237238 -0.10454624 -0.05740657  0.12687484 -0.07331312 -0.09318283\n",
      "  -0.11977377  1.          0.41899393  0.19531064  0.12342818 -0.01190818\n",
      "  -0.12066506]\n",
      " [ 0.25332301 -0.03740286  0.00124913  0.21881816  0.06672813 -0.01618818\n",
      "  -0.03390368  0.41899393  1.          0.2550795   0.12256895  0.06485754\n",
      "  -0.03428751]\n",
      " [ 0.23703722  0.16505612 -0.07023195  0.27815214  0.31655948  0.26446184\n",
      "   0.06691436  0.19531064  0.2550795   1.          0.48639361  0.12835046\n",
      "  -0.14664322]\n",
      " [-0.02834269 -0.04762215 -0.0320922  -0.01990961  0.01872484  0.4091346\n",
      "  -0.04858968  0.12342818  0.12256895  0.48639361  1.          0.06677353\n",
      "  -0.09196532]\n",
      " [ 0.20926156  0.2215853  -0.0088524   0.08570807 -0.00183263  0.34903453\n",
      "   0.22729331 -0.01190818  0.06485754  0.12835046  0.06677353  1.\n",
      "   0.05499621]\n",
      " [-0.1423917   0.04335777  0.30844686 -0.14359813 -0.15763226  0.04081239\n",
      "   0.07450075 -0.12066506 -0.03428751 -0.14664322 -0.09196532  0.05499621\n",
      "   1.        ]]\n",
      "## PCA dir\n",
      "err_ml -1.9417428546301934\n",
      "err_dd -2.03224231065123\n"
     ]
    }
   ],
   "source": [
    "## PC and PCA estimation\n",
    "mean_ml,cov_ml,PeCo_ml = sd.ml_covariance(data,size_factor=size_factor,verbose=False)\n",
    "mean_dd,cov_dd,PeCo_dd = sd.dd_covariance(data,size_factor=size_factor,verbose=False)\n",
    "\n",
    "_,V_ml = np.linalg.eigh(cov_ml)\n",
    "_,V_dd = np.linalg.eigh(cov_dd)\n",
    "\n",
    "\n",
    "print('## cov_true')\n",
    "print(cov_true)\n",
    "print('## cov_ml')\n",
    "print(cov_ml/Nr**2)\n",
    "print('## cov_dd')\n",
    "print(cov_dd/Nr**2)\n",
    "\n",
    "print('')\n",
    "\n",
    "print('## PeCo_true')\n",
    "print(PeCo_true)\n",
    "print('## PeCo_ml')\n",
    "print(PeCo_ml)\n",
    "print('## PeCo_dd')\n",
    "print(PeCo_dd)\n",
    "\n",
    "err_ml = np.log10(sd.cosine_distance(V_true[:,-1],V_ml[:,-1]))\n",
    "err_dd = np.log10(sd.cosine_distance(V_true[:,-1],V_dd[:,-1]))\n",
    "print('## PCA dir')\n",
    "print('err_ml',err_ml)\n",
    "print('err_dd',err_dd)"
   ]
  },
  {
   "cell_type": "code",
   "execution_count": 229,
   "metadata": {},
   "outputs": [
    {
     "name": "stdout",
     "output_type": "stream",
     "text": [
      "p0_true [0.22677476 0.67813322 0.74528922 0.63442156]\n",
      "inactive_true [0.58721811 0.76034286 0.80616231 0.70878354]\n",
      "p0_ml [0.307 0.688 0.741 0.609]\n",
      "p0_dd [0.58788575 0.76916717 0.80095309 0.68319504]\n",
      "\n",
      "err_dd -3.694500152505193\n"
     ]
    }
   ],
   "source": [
    "Nr = 50\n",
    "Nc = 1000\n",
    "data,size_factor = dl.poi_data_gen_nd(p_true,x_true,Nc=Nc, Nr=Nr,random_seed=0)\n",
    "    \n",
    "p0_ml,p0_dd = sd.dd_inactive_prob(data,relative_depth=Nr/kappa,size_factor=size_factor,verbose=False)\n",
    "pw_p0_ml,pw_p0_dd = sd.dd_pairwise_inactive_prob(data,relative_depth=Nr/kappa,size_factor=size_factor,verbose=False)\n",
    "err_ml = np.log10(np.mean((p0_ml-inactive_true)**2)) - np.log10(np.mean(inactive_true**2))\n",
    "err_dd = np.log10(np.mean((p0_dd-inactive_true)**2)) - np.log10(np.mean(inactive_true**2))\n",
    "\n",
    "print('p0_true',p0_true[0:4])\n",
    "print('inactive_true',inactive_true[0:4])\n",
    "print('p0_ml',p0_ml[0:4])\n",
    "print('p0_dd',p0_dd[0:4])\n",
    "print('')\n",
    "print('err_dd',err_dd)\n",
    "\n",
    "# print('inactive_true',pairwise_inactive_true)\n",
    "# print('pw_p0_ml',pw_p0_ml)\n",
    "# print('pw_p0_dd',pw_p0_dd)\n",
    "\n",
    "# print('err_ml',err_ml)\n",
    "# print('err_dd',err_dd)"
   ]
  },
  {
   "cell_type": "code",
   "execution_count": 230,
   "metadata": {},
   "outputs": [
    {
     "name": "stdout",
     "output_type": "stream",
     "text": [
      "err_ml 0.4233707140046659\n",
      "err_dd 0.07122477968572409\n",
      "err_ml 0.23398929010305586\n",
      "err_dd 0.14501408399405238\n",
      "err_ml 0.15307717812908658\n",
      "err_dd 0.13011996604971118\n",
      "err_ml 0.2412929215073552\n",
      "err_dd 0.1826691650347205\n",
      "err_ml 0.26351862749910304\n",
      "err_dd 0.06392513821522208\n",
      "err_ml 0.22322667959750334\n",
      "err_dd 0.13306859541704388\n",
      "err_ml 0.23716522055646305\n",
      "err_dd 0.1690536177994755\n",
      "err_ml 0.2429075643352391\n",
      "err_dd 0.10047525400151543\n",
      "err_ml 0.3371334283350032\n",
      "err_dd 0.22018259031351306\n",
      "err_ml 0.3293017292375894\n",
      "err_dd 0.09514874218977357\n",
      "err_ml 0.21866167658731855\n",
      "err_dd 0.0834985398793636\n",
      "err_ml 0.2750338646205073\n",
      "err_dd 0.19131689032512472\n",
      "err_ml 0.25566122213935805\n",
      "err_dd 0.1727280988230786\n"
     ]
    }
   ],
   "source": [
    "## distrbution estimation\n",
    "# data,size_factor = dl.poi_data_gen_nd(p_true,x_true,sigma=0)\n",
    "data,size_factor = dl.poi_data_gen_nd(p_true,x_true,sigma=0,Nc=Nc, Nr=10,random_seed=0)\n",
    "for i_dim in range(data.shape[1]):\n",
    "    Y = np.array(data[:,i_dim].X).astype(int)\n",
    "\n",
    "    p_ml = np.bincount(Y)\n",
    "    p_ml = p_ml / np.sum(p_ml)\n",
    "    x_ml = np.arange(p_ml.shape[0])\n",
    "\n",
    "    p_dd,x_dd = sd.dd_distribution(Y,gamma=None,verbose=False)\n",
    "    \n",
    "    p_true_,x_true_ = dist_true[i_dim]\n",
    "\n",
    "    err_ml = dist_W1(p_true_,p_ml,x_true_,x_ml)\n",
    "    err_dd = dist_W1(p_true_,p_dd,x_true_,x_dd)\n",
    "\n",
    "    print('err_ml',err_ml)\n",
    "    print('err_dd',err_dd)"
   ]
  },
  {
   "cell_type": "markdown",
   "metadata": {},
   "source": [
    "# Simulation on the 9k-brain example"
   ]
  },
  {
   "cell_type": "code",
   "execution_count": null,
   "metadata": {
    "scrolled": true
   },
   "outputs": [
    {
     "name": "stdout",
     "output_type": "stream",
     "text": [
      "0.02_0.26_1000\n",
      "0.05_0.65_1000\n",
      "0.10_1.30_1000\n",
      "0.20_2.60_1000\n",
      "0.50_6.50_1000\n",
      "1.00_13.00_1000\n",
      "5.00_65.00_5000\n",
      "10.00_130.00_5000\n",
      "0.02_0.26_10000\n",
      "0.05_0.65_10000\n",
      "0.10_1.30_10000\n",
      "0.20_2.60_10000\n",
      "0.50_6.50_10000\n",
      "1.00_13.00_10000\n",
      "2.00_26.00_10000\n",
      "5.00_65.00_10000\n",
      "10.00_130.00_10000\n",
      "0.02_0.26_30000\n",
      "0.05_0.65_30000\n",
      "0.10_1.30_30000\n",
      "0.20_2.60_30000\n",
      "0.50_6.50_30000\n",
      "1.00_13.00_30000\n",
      "2.00_26.00_30000\n",
      "5.00_65.00_70000\n",
      "10.00_130.00_70000\n",
      "total time: 7850.9\n"
     ]
    }
   ],
   "source": [
    "n_rep = 20\n",
    "G = len(gene_list)\n",
    "\n",
