{
 "cells": [
  {
   "cell_type": "code",
   "execution_count": 1,
   "metadata": {},
   "outputs": [
    {
     "name": "stderr",
     "output_type": "stream",
     "text": [
      "/home/martin/anaconda3/lib/python3.6/site-packages/h5py/__init__.py:34: FutureWarning: Conversion of the second argument of issubdtype from `float` to `np.floating` is deprecated. In future, it will be treated as `np.float64 == np.dtype(float).type`.\n",
      "  from ._conv import register_converters as _register_converters\n"
     ]
    }
   ],
   "source": [
    "import numpy as np\n",
    "import scipy as sp\n",
    "import matplotlib.pyplot as plt\n",
    "import matplotlib.cm as cm\n",
    "import pandas as pd\n",
    "import h5py\n",
    "import os\n",
    "import time\n",
    "import pickle\n",
    "\n",
    "from util import *\n",
    "import scanpy.api as sc\n",
    "import data_loader as dl\n",
    "import scdd as sd\n",
    "\n",
    "%matplotlib inline\n",
    "%load_ext autoreload\n",
    "%autoreload 2\n",
    "\n",
    "from matplotlib import rcParams\n",
    "\n",
    "params = {\n",
    "   'axes.labelsize': 16,\n",
    "   'font.size': 16,\n",
    "   'legend.fontsize': 10,\n",
    "   'xtick.labelsize': 13,\n",
    "   'ytick.labelsize': 13,\n",
    "   'text.usetex': False,\n",
    "   'text.usetex': False,\n",
    "   }\n",
    "rcParams.update(params)"
   ]
  },
  {
   "cell_type": "code",
   "execution_count": 2,
   "metadata": {
    "collapsed": true
   },
   "outputs": [],
   "source": [
    "output_folder = './figures/figure_tradeoff_posthoc'\n",
    "if not os.path.exists(output_folder):\n",
    "    os.makedirs(output_folder)"
   ]
  },
  {
   "cell_type": "code",
   "execution_count": 3,
   "metadata": {
    "collapsed": true
   },
   "outputs": [],
   "source": [
    "## Read subsample parameters\n",
    "fname = './figures/figure_tradeoff_curve/data/subsample_param.pickle'\n",
    "f_myfile = open(fname, 'rb')\n",
    "B_sub_list = pickle.load(f_myfile)\n",
    "subsample_param_dic = pickle.load(f_myfile)\n",
    "f_myfile.close()"
   ]
  },
  {
   "cell_type": "markdown",
   "metadata": {},
   "source": [
    "# Generate a nice toy example (from 4k)"
   ]
  },
  {
   "cell_type": "code",
   "execution_count": 74,
   "metadata": {},
   "outputs": [
    {
     "name": "stdout",
     "output_type": "stream",
     "text": [
      "Variable names are not unique. To make them unique, call `.var_names_make_unique`.\n"
     ]
    }
   ],
   "source": [
    "data = dl.load_10x_4k()\n",
    "mean_count = np.array(data.X.mean(axis=0)).reshape(-1)\n",
    "sort_idx = np.argsort(mean_count)[::-1]"
   ]
  },
  {
   "cell_type": "code",
   "execution_count": 75,
   "metadata": {
    "scrolled": true
   },
   "outputs": [
    {
     "name": "stdout",
     "output_type": "stream",
     "text": [
      "## cv_true [1.80374471 1.6739561  1.22562907 1.24697911 1.34434191 2.51246063\n",
      " 2.70973437 2.51805864 2.70054459 2.86635664 2.29075314 2.23225273\n",
      " 2.13523155 2.15749638]\n",
      "## PC_true\n",
      "[[ 1.          0.27124461  0.3656694   0.35024714  0.26963732 -0.05367917\n",
      "   0.02311145 -0.00919108 -0.15866989 -0.13821959 -0.19211576 -0.19505612\n",
      "  -0.20750661 -0.19872159]\n",
      " [ 0.27124461  1.          0.42694954  0.47847579  0.40301376  0.07463962\n",
      "   0.1432203   0.11232908 -0.17240541 -0.16540277 -0.21682461 -0.2207157\n",
      "  -0.23753408 -0.22148874]\n",
      " [ 0.3656694   0.42694954  1.          0.55758779  0.46868619  0.09029742\n",
      "   0.13922419  0.11417994 -0.23316783 -0.21762235 -0.28868222 -0.29112148\n",
      "  -0.31236432 -0.28996686]\n",
      " [ 0.35024714  0.47847579  0.55758779  1.          0.51965719  0.12099151\n",
      "   0.21240289  0.17956106 -0.21832577 -0.21132709 -0.2740094  -0.28004115\n",
      "  -0.29773803 -0.27397272]\n",
      " [ 0.26963732  0.40301376  0.46868619  0.51965719  1.          0.16876516\n",
      "   0.21338517  0.1807951  -0.19121776 -0.18386911 -0.2585791  -0.26290775\n",
      "  -0.26902686 -0.25051077]\n",
      " [-0.05367917  0.07463962  0.09029742  0.12099151  0.16876516  1.\n",
      "   0.67429465  0.77616912 -0.11676702 -0.09486919 -0.13558396 -0.13688472\n",
      "  -0.14209035 -0.11555606]\n",
      " [ 0.02311145  0.1432203   0.13922419  0.21240289  0.21338517  0.67429465\n",
      "   1.          0.62078799 -0.10778632 -0.09422861 -0.12545117 -0.12814899\n",
      "  -0.13801978 -0.11801775]\n",
      " [-0.00919108  0.11232908  0.11417994  0.17956106  0.1807951   0.77616912\n",
      "   0.62078799  1.         -0.10916768 -0.08877248 -0.1417436  -0.14484016\n",
      "  -0.15059267 -0.11902823]\n",
      " [-0.15866989 -0.17240541 -0.23316783 -0.21832577 -0.19121776 -0.11676702\n",
      "  -0.10778632 -0.10916768  1.          0.69750743 -0.12547267 -0.12329591\n",
      "  -0.126164   -0.12674352]\n",
      " [-0.13821959 -0.16540277 -0.21762235 -0.21132709 -0.18386911 -0.09486919\n",
      "  -0.09422861 -0.08877248  0.69750743  1.         -0.10612384 -0.10433186\n",
      "  -0.10606589 -0.10121537]\n",
      " [-0.19211576 -0.21682461 -0.28868222 -0.2740094  -0.2585791  -0.13558396\n",
      "  -0.12545117 -0.1417436  -0.12547267 -0.10612384  1.          0.9490399\n",
      "   0.66431749  0.40990614]\n",
      " [-0.19505612 -0.2207157  -0.29112148 -0.28004115 -0.26290775 -0.13688472\n",
      "  -0.12814899 -0.14484016 -0.12329591 -0.10433186  0.9490399   1.\n",
      "   0.69180518  0.45342299]\n",
      " [-0.20750661 -0.23753408 -0.31236432 -0.29773803 -0.26902686 -0.14209035\n",
      "  -0.13801978 -0.15059267 -0.126164   -0.10606589  0.66431749  0.69180518\n",
      "   1.          0.59143634]\n",
      " [-0.19872159 -0.22148874 -0.28996686 -0.27397272 -0.25051077 -0.11555606\n",
      "  -0.11801775 -0.11902823 -0.12674352 -0.10121537  0.40990614  0.45342299\n",
      "   0.59143634  1.        ]]\n",
      "## p0_true\n",
      "[0.60714286 0.63870968 0.45414747 0.43156682 0.50760369 0.64170507\n",
      " 0.759447   0.78917051 0.78732719 0.81705069 0.38456221 0.30852535\n",
      " 0.69907834 0.73341014]\n",
      "## inactive_true\n",
      "[0.79654434 0.79236246 0.75774704 0.75852647 0.76554624 0.84652984\n",
      " 0.8473469  0.85154417 0.85983421 0.86829082 0.83134837 0.82648592\n",
      " 0.82452973 0.82662211]\n",
      "## pairwise_inactive_true\n",
      "[[0.79654434 0.6603118  0.6379742  0.63861313 0.6375094  0.67417535\n",
      "  0.68195367 0.6813649  0.66530955 0.67376688 0.63763588 0.63340171\n",
      "  0.62987147 0.63319778]\n",
      " [0.6603118  0.79236246 0.63869349 0.64237794 0.64113291 0.67889718\n",
      "  0.68279211 0.68577806 0.66108667 0.6684341  0.63221263 0.62781688\n",
      "  0.62382361 0.62767732]\n",
      " [0.6379742  0.63869349 0.75774704 0.61730942 0.61586396 0.65300955\n",
      "  0.65739591 0.65862168 0.62883559 0.63617158 0.60005461 0.59606384\n",
      "  0.59176221 0.5960047 ]\n",
      " [0.63861313 0.64237794 0.61730942 0.75852647 0.61981503 0.65434029\n",
      "  0.65961656 0.66176097 0.62984607 0.63713702 0.60198564 0.59777416\n",
      "  0.59374577 0.59835963]\n",
      " [0.6375094  0.64113291 0.61586396 0.61981503 0.76554624 0.66454167\n",
      "  0.66849465 0.67042957 0.63853005 0.64628085 0.60824475 0.60413748\n",
      "  0.60063096 0.6053517 ]\n",
      " [0.67417535 0.67889718 0.65300955 0.65434029 0.66454167 0.84652984\n",
      "  0.78539591 0.79183598 0.71399262 0.72343072 0.6884364  0.68429411\n",
      "  0.6819305  0.68787737]\n",
      " [0.68195367 0.68279211 0.65739591 0.65961656 0.66849465 0.78539591\n",
      "  0.8473469  0.78829328 0.71361152 0.7231789  0.68787616 0.68326357\n",
      "  0.68017427 0.68528501]\n",
      " [0.6813649  0.68577806 0.65862168 0.66176097 0.67042957 0.79183598\n",
      "  0.78829328 0.85154417 0.71885762 0.72858619 0.69067516 0.6863075\n",
      "  0.68363601 0.68945443]\n",
      " [0.66530955 0.66108667 0.62883559 0.62984607 0.63853005 0.71399262\n",
      "  0.71361152 0.71885762 0.85983421 0.81882601 0.69927219 0.6952236\n",
      "  0.69348432 0.69594773]\n",
      " [0.67376688 0.6684341  0.63617158 0.63713702 0.64628085 0.72343072\n",
      "  0.7231789  0.72858619 0.81882601 0.86829082 0.70868134 0.7043597\n",
      "  0.70203033 0.70491232]\n",
      " [0.63763588 0.63221263 0.60005461 0.60198564 0.60824475 0.6884364\n",
      "  0.68787616 0.69067516 0.69927219 0.70868134 0.83134837 0.76818532\n",
      "  0.75593502 0.74433177]\n",
      " [0.63340171 0.62781688 0.59606384 0.59777416 0.60413748 0.68429411\n",
      "  0.68326357 0.6863075  0.6952236  0.7043597  0.76818532 0.82648592\n",
      "  0.75352122 0.7432505 ]\n",
      " [0.62987147 0.62382361 0.59176221 0.59374577 0.60063096 0.6819305\n",
      "  0.68017427 0.68363601 0.69348432 0.70203033 0.75593502 0.75352122\n",
      "  0.82452973 0.75012007]\n",
      " [0.63319778 0.62767732 0.5960047  0.59835963 0.6053517  0.68787737\n",
      "  0.68528501 0.68945443 0.69594773 0.70491232 0.74433177 0.7432505\n",
      "  0.75012007 0.82662211]]\n"
     ]
    }
   ],
   "source": [
    "marker_gene_dic={}\n",
    "marker_gene_dic['T-cells']= ['IL7R','CD3G','CD3E','CD3D','LCK']\n",
    "marker_gene_dic['NK-cells']= ['NKG7','PRF1','KLRD1','GZMA','HOPX','CST7']\n",
    "marker_gene_dic['B-cells']= ['CD79A','BANK1','IGHD','LINC00926','MS4A1']\n",
    "marker_gene_dic['myeloid']= ['S100A8','S100A9']\n",
    "marker_gene_dic['Innate Immunity']= ['MNDA','FGL2','CLEC7A','CD6S','IFI30']\n",
    "marker_gene_dic['HSC']= ['CD34','GATA2','PRSS57','SMIM24','CYTL1']\n",
    "\n",
    "gene_list = []\n",
    "for key_ in marker_gene_dic.keys():\n",
    "    for gene in marker_gene_dic[key_]:\n",
    "        if gene in data.var_names:\n",
    "            if data[:,gene].X.mean()>0.5:\n",
    "                gene_list.append(gene)\n",
    "                \n",
    "# gene_list = ['IL7R', 'CD3G',]\n",
    "# print(gene_list)\n",
    "\n",
    "## Generate the toy example\n",
    "Y = np.array(data[:,gene_list].X.todense()).astype(dtype=int)\n",
    "\n",
    "p_true = np.ones([Y.shape[0]])\n",
    "p_true = p_true / np.sum(p_true)\n",
    "# x_true = Y / np.sum(Y) * Y.shape[0]\n",
    "\n",
    "## Making each column of x to have the same mean \n",
    "# x_true = Y.copy()\n",
    "x_true = Y / Y.mean(axis=0)\n",
    "x_true = x_true/x_true.sum()*Y.shape[0]\n",
    "\n",
    "## calculate the related quantities\n",
    "M_true = np.zeros([2,x_true.shape[1]])\n",
    "M_true[0] = np.mean(x_true,axis=0)\n",
    "M_true[1] = np.mean(x_true**2,axis=0)\n",
    "mean_true = x_true.mean(axis=0)\n",
    "var_true = x_true.var(axis=0)\n",
    "cv_true = np.sqrt(var_true)/mean_true\n",
    "gamma_param_true = sd.M_to_gamma(M_true)\n",
    "\n",
    "cov_true = np.cov(x_true.T)\n",
    "_,V_true = np.linalg.eigh(cov_true)\n",
    "PeCo_true = np.corrcoef(x_true.T)\n",
    "p0_true = np.mean(x_true==0,axis=0)\n",
    "kappa = 5\n",
    "temp = np.exp(-kappa*x_true)\n",
    "inactive_true = np.mean(temp,axis=0)\n",
    "pairwise_inactive_true = temp.T.dot(temp)/temp.shape[0]\n",
    "np.fill_diagonal(pairwise_inactive_true,inactive_true)\n",
    "##\n",
    "dist_true = {}\n",
    "for i in range(Y.shape[1]):\n",
    "    p_dist_true_1d = np.bincount(Y[:,i])\n",
    "    p_dist_true_1d = p_dist_true_1d / np.sum(p_dist_true_1d)\n",
    "    x_dist_true_1d = np.arange(p_dist_true_1d.shape[0])\n",
    "    dist_true[i] = [p_dist_true_1d,x_dist_true_1d]\n",
    "\n",
    "print('## cv_true',cv_true)\n",
    "print('## PC_true')\n",
    "print(PeCo_true)\n",
    "\n",
    "print('## p0_true')\n",
    "print(p0_true)\n",
    "\n",
    "print('## inactive_true')\n",
    "print(inactive_true)\n",
    "\n",
    "print('## pairwise_inactive_true')\n",
    "print(pairwise_inactive_true)"
   ]
  },
  {
   "cell_type": "code",
   "execution_count": null,
   "metadata": {
    "collapsed": true
   },
   "outputs": [],
   "source": []
  },
  {
   "cell_type": "markdown",
   "metadata": {},
   "source": [
    "# Diagnosis"
   ]
  },
  {
   "cell_type": "code",
   "execution_count": 56,
   "metadata": {
    "collapsed": true
   },
   "outputs": [],
   "source": [
    "Nr = 2\n",
    "Nc = 20000\n",
    "data,size_factor = dl.poi_data_gen_nd(p_true,x_true,Nc=Nc, Nr=Nr,random_seed=0)"
   ]
  },
  {
   "cell_type": "code",
   "execution_count": 34,
   "metadata": {},
   "outputs": [
    {
     "name": "stdout",
     "output_type": "stream",
     "text": [
      "## mean_true [0.5 0.5]\n",
      "## mean_ml [0.49474915 0.50397674]\n",
      "## mean_dd [0.49474915 0.50397674]\n",
      "\n",
      "## var_true [0.81337374 0.70053225]\n",
      "## var_ml [1.07829741 0.9807371 ]\n",
      "## var_dd [0.8201386  0.71705381]\n",
      "\n",
      "## cv_true [1.80374471 1.6739561 ]\n",
      "## cv_ml [2.09886362 1.96501471]\n",
      "## cv_dd [1.83045293 1.68021701]\n",
      "\n",
      "## gamma_true [[1.62674748 1.40106451]\n",
      " [0.30736178 0.35687151]]\n",
      "## gamma_ml [[2.17948308 1.94599673]\n",
      " [0.22700298 0.25898129]]\n",
      "## gamma_dd [[1.6576857  1.42279147]\n",
      " [0.29845776 0.35421687]]\n"
     ]
    }
   ],
   "source": [
    "## cv \n",
    "M_ml,M_dd = sd.dd_1d_moment(data,verbose=False,size_factor=size_factor)\n",
    "var_ml = sd.M_to_var(M_ml)\n",
    "var_dd = sd.M_to_var(M_dd)\n",
    "cv_ml = sd.M_to_cv(M_ml)\n",
    "cv_dd = sd.M_to_cv(M_dd)\n",
    "gamma_param_ml = sd.M_to_gamma(M_ml)\n",
    "gamma_param_ml[0] /= Nr\n",
    "gamma_param_dd = sd.M_to_gamma(M_dd)\n",
    "gamma_param_dd[0] /= Nr\n",
    "\n",
    "print('## mean_true',mean_true)\n",
    "print('## mean_ml',M_ml[0]/Nr)\n",
    "print('## mean_dd',M_dd[0]/Nr)\n",
    "print('')\n",
    "\n",
    "print('## var_true',var_true)\n",
    "print('## var_ml',var_ml/Nr**2)\n",
    "print('## var_dd',var_dd/Nr**2)\n",
    "print('')\n",
    "\n",
    "print('## cv_true',cv_true)\n",
    "print('## cv_ml',cv_ml)\n",
    "print('## cv_dd',cv_dd)\n",
    "print('')\n",
    "\n",
    "print('## gamma_true',gamma_param_true)\n",
    "print('## gamma_ml',gamma_param_ml)\n",
    "print('## gamma_dd',gamma_param_dd)\n"
   ]
  },
  {
   "cell_type": "code",
   "execution_count": 10,
   "metadata": {},
   "outputs": [
    {
     "name": "stdout",
     "output_type": "stream",
     "text": [
      "## cov_true\n",
      "[[ 0.01660329  0.0041795   0.00412541  0.00402025  0.00333664 -0.00124144\n",
      "   0.00057647 -0.00021304 -0.00394425 -0.00364686 -0.00405098 -0.00400795\n",
      "  -0.00407846 -0.00394652]\n",
      " [ 0.0041795   0.01429987  0.00447017  0.00509691  0.00462826  0.00160198\n",
      "   0.00331527  0.00241627 -0.00397732 -0.00405006 -0.00424302 -0.00420886\n",
      "  -0.0043327  -0.00408216]\n",
      " [ 0.00412541  0.00447017  0.00766588  0.00434886  0.0039409   0.00141898\n",
      "   0.00235963  0.00179829 -0.00393843 -0.00390155 -0.0041362  -0.00406463\n",
      "  -0.00417167 -0.00391292]\n",
      " [ 0.00402025  0.00509691  0.00434886  0.00793528  0.00444559  0.00193445\n",
      "   0.00366261  0.00287727 -0.00375197 -0.00385468 -0.00399436 -0.00397803\n",
      "  -0.0040456  -0.0037615 ]\n",
      " [ 0.00333664  0.00462826  0.0039409   0.00444559  0.00922281  0.00290895\n",
      "   0.00396684  0.00312325 -0.00354269 -0.0036157  -0.00406374 -0.00402625\n",
      "  -0.00394089 -0.00370792]\n",
      " [-0.00124144  0.00160198  0.00141898  0.00193445  0.00290895  0.03221384\n",
      "   0.02342716  0.0250591  -0.0040431  -0.00348657 -0.00398226 -0.00391779\n",
      "  -0.00389003 -0.00319658]\n",
      " [ 0.00057647  0.00331527  0.00235963  0.00366261  0.00396684  0.02342716\n",
      "   0.03747119  0.02161623 -0.00402518 -0.00373494 -0.00397396 -0.00395575\n",
      "  -0.00407528 -0.00352102]\n",
      " [-0.00021304  0.00241627  0.00179829  0.00287727  0.00312325  0.0250591\n",
      "   0.02161623  0.03235755 -0.0037884  -0.00326978 -0.00417245 -0.00415472\n",
      "  -0.00413198 -0.00329997]\n",
      " [-0.00394425 -0.00397732 -0.00393843 -0.00375197 -0.00354269 -0.0040431\n",
      "  -0.00402518 -0.0037884   0.03721746  0.02755335 -0.00396116 -0.00379304\n",
      "  -0.00371258 -0.00376852]\n",
      " [-0.00364686 -0.00405006 -0.00390155 -0.00385468 -0.0036157  -0.00348657\n",
      "  -0.00373494 -0.00326978  0.02755335  0.04192803 -0.00355603 -0.00340671\n",
      "  -0.0033128  -0.00319426]\n",
      " [-0.00405098 -0.00424302 -0.0041362  -0.00399436 -0.00406374 -0.00398226\n",
      "  -0.00397396 -0.00417245 -0.00396116 -0.00355603  0.02677938  0.02476567\n",
      "   0.01658223  0.01033848]\n",
      " [-0.00400795 -0.00420886 -0.00406463 -0.00397803 -0.00402625 -0.00391779\n",
      "  -0.00395575 -0.00415472 -0.00379304 -0.00340671  0.02476567  0.02542908\n",
      "   0.01682737  0.011144  ]\n",
      " [-0.00407846 -0.0043327  -0.00417167 -0.0040456  -0.00394089 -0.00389003\n",
      "  -0.00407528 -0.00413198 -0.00371258 -0.0033128   0.01658223  0.01682737\n",
      "   0.02326666  0.01390423]\n",
      " [-0.00394652 -0.00408216 -0.00391292 -0.0037615  -0.00370792 -0.00319658\n",
      "  -0.00352102 -0.00329997 -0.00376852 -0.00319426  0.01033848  0.011144\n",
      "   0.01390423  0.02375441]]\n",
      "## cov_ml\n",
      "[[ 2.24362945e-02  3.67908831e-03  4.02507486e-03  3.80669438e-03\n",
      "   2.77251309e-03 -1.19839731e-03  5.85186717e-04  6.15008845e-05\n",
      "  -3.65808939e-03 -3.04267024e-03 -3.90006563e-03 -3.78040498e-03\n",
      "  -3.83587423e-03 -3.65640606e-03]\n",
      " [ 3.67908831e-03  2.06707102e-02  4.21933345e-03  4.93640716e-03\n",
      "   4.52980640e-03  1.62366903e-03  3.52428820e-03  2.40862505e-03\n",
      "  -3.77204493e-03 -3.84125499e-03 -4.16027586e-03 -4.05907374e-03\n",
      "  -4.18306204e-03 -3.99662060e-03]\n",
      " [ 4.02507486e-03  4.21933345e-03  1.46129622e-02  4.22329519e-03\n",
      "   3.76400624e-03  1.52344930e-03  2.48870291e-03  2.01080906e-03\n",
      "  -3.94830395e-03 -3.69172855e-03 -4.11972638e-03 -4.02383846e-03\n",
      "  -4.26863715e-03 -4.00706731e-03]\n",
      " [ 3.80669438e-03  4.93640716e-03  4.22329519e-03  1.53995793e-02\n",
      "   4.35232597e-03  2.00771449e-03  3.99514572e-03  2.99588565e-03\n",
      "  -3.69929684e-03 -3.61066465e-03 -4.00790569e-03 -3.95601710e-03\n",
      "  -4.15743150e-03 -3.77435674e-03]\n",
      " [ 2.77251309e-03  4.52980640e-03  3.76400624e-03  4.35232597e-03\n",
      "   1.66049670e-02  3.18434270e-03  4.41128418e-03  3.35105057e-03\n",
      "  -3.51694298e-03 -3.35342157e-03 -4.10722086e-03 -4.01292230e-03\n",
      "  -4.00488392e-03 -3.75853571e-03]\n",
      " [-1.19839731e-03  1.62366903e-03  1.52344930e-03  2.00771449e-03\n",
      "   3.18434270e-03  3.87645278e-02  2.34066932e-02  2.43883616e-02\n",
      "  -4.15901475e-03 -3.54547292e-03 -3.97506331e-03 -3.92028388e-03\n",
      "  -3.97727806e-03 -3.14667546e-03]\n",
      " [ 5.85186717e-04  3.52428820e-03  2.48870291e-03  3.99514572e-03\n",
      "   4.41128418e-03  2.34066932e-02  4.76312203e-02  2.21926976e-02\n",
      "  -4.28193285e-03 -3.99267063e-03 -3.98990650e-03 -4.05438778e-03\n",
      "  -4.20000431e-03 -3.66089923e-03]\n",
      " [ 6.15008845e-05  2.40862505e-03  2.01080906e-03  2.99588565e-03\n",
      "   3.35105057e-03  2.43883616e-02  2.21926976e-02  4.00324544e-02\n",
      "  -3.83153543e-03 -3.04632303e-03 -4.23719324e-03 -4.18550942e-03\n",
      "  -4.19267712e-03 -3.22480339e-03]\n",
      " [-3.65808939e-03 -3.77204493e-03 -3.94830395e-03 -3.69929684e-03\n",
      "  -3.51694298e-03 -4.15901475e-03 -4.28193285e-03 -3.83153543e-03\n",
      "   4.76728087e-02  2.84505627e-02 -3.95502764e-03 -3.71094152e-03\n",
      "  -3.87274987e-03 -3.90147616e-03]\n",
      " [-3.04267024e-03 -3.84125499e-03 -3.69172855e-03 -3.61066465e-03\n",
      "  -3.35342157e-03 -3.54547292e-03 -3.99267063e-03 -3.04632303e-03\n",
      "   2.84505627e-02  4.83845548e-02 -3.60830923e-03 -3.46484894e-03\n",
      "  -3.33977529e-03 -3.10622888e-03]\n",
      " [-3.90006563e-03 -4.16027586e-03 -4.11972638e-03 -4.00790569e-03\n",
      "  -4.10722086e-03 -3.97506331e-03 -3.98990650e-03 -4.23719324e-03\n",
      "  -3.95502764e-03 -3.60830923e-03  3.38145131e-02  2.39547863e-02\n",
      "   1.65122229e-02  1.01862306e-02]\n",
      " [-3.78040498e-03 -4.05907374e-03 -4.02383846e-03 -3.95601710e-03\n",
      "  -4.01292230e-03 -3.92028388e-03 -4.05438778e-03 -4.18550942e-03\n",
      "  -3.71094152e-03 -3.46484894e-03  2.39547863e-02  3.22160224e-02\n",
      "   1.64096437e-02  1.09817291e-02]\n",
      " [-3.83587423e-03 -4.18306204e-03 -4.26863715e-03 -4.15743150e-03\n",
      "  -4.00488392e-03 -3.97727806e-03 -4.20000431e-03 -4.19267712e-03\n",
      "  -3.87274987e-03 -3.33977529e-03  1.65122229e-02  1.64096437e-02\n",
      "   3.06554957e-02  1.37411202e-02]\n",
      " [-3.65640606e-03 -3.99662060e-03 -4.00706731e-03 -3.77435674e-03\n",
      "  -3.75853571e-03 -3.14667546e-03 -3.66089923e-03 -3.22480339e-03\n",
      "  -3.90147616e-03 -3.10622888e-03  1.01862306e-02  1.09817291e-02\n",
      "   1.37411202e-02  3.06421292e-02]]\n",
      "## cov_dd\n",
      "[[ 1.53542996e-02  3.67908831e-03  4.02507486e-03  3.80669438e-03\n",
      "   2.77251309e-03 -1.19839731e-03  5.85186717e-04  6.15008845e-05\n",
      "  -3.65808939e-03 -3.04267024e-03 -3.90006563e-03 -3.78040498e-03\n",
      "  -3.83587423e-03 -3.65640606e-03]\n",
      " [ 3.67908831e-03  1.34455259e-02  4.21933345e-03  4.93640716e-03\n",
      "   4.52980640e-03  1.62366903e-03  3.52428820e-03  2.40862505e-03\n",
      "  -3.77204493e-03 -3.84125499e-03 -4.16027586e-03 -4.05907374e-03\n",
      "  -4.18306204e-03 -3.99662060e-03]\n",
      " [ 4.02507486e-03  4.21933345e-03  7.27405030e-03  4.22329519e-03\n",
      "   3.76400624e-03  1.52344930e-03  2.48870291e-03  2.01080906e-03\n",
      "  -3.94830395e-03 -3.69172855e-03 -4.11972638e-03 -4.02383846e-03\n",
      "  -4.26863715e-03 -4.00706731e-03]\n",
      " [ 3.80669438e-03  4.93640716e-03  4.22329519e-03  7.99253739e-03\n",
      "   4.35232597e-03  2.00771449e-03  3.99514572e-03  2.99588565e-03\n",
      "  -3.69929684e-03 -3.61066465e-03 -4.00790569e-03 -3.95601710e-03\n",
      "  -4.15743150e-03 -3.77435674e-03]\n",
      " [ 2.77251309e-03  4.52980640e-03  3.76400624e-03  4.35232597e-03\n",
      "   9.19601253e-03  3.18434270e-03  4.41128418e-03  3.35105057e-03\n",
      "  -3.51694298e-03 -3.35342157e-03 -4.10722086e-03 -4.01292230e-03\n",
      "  -4.00488392e-03 -3.75853571e-03]\n",
      " [-1.19839731e-03  1.62366903e-03  1.52344930e-03  2.00771449e-03\n",
      "   3.18434270e-03  3.13114084e-02  2.34066932e-02  2.43883616e-02\n",
      "  -4.15901475e-03 -3.54547292e-03 -3.97506331e-03 -3.92028388e-03\n",
      "  -3.97727806e-03 -3.14667546e-03]\n",
      " [ 5.85186717e-04  3.52428820e-03  2.48870291e-03  3.99514572e-03\n",
      "   4.41128418e-03  2.34066932e-02  4.00852482e-02  2.21926976e-02\n",
      "  -4.28193285e-03 -3.99267063e-03 -3.98990650e-03 -4.05438778e-03\n",
      "  -4.20000431e-03 -3.66089923e-03]\n",
      " [ 6.15008845e-05  2.40862505e-03  2.01080906e-03  2.99588565e-03\n",
      "   3.35105057e-03  2.43883616e-02  2.21926976e-02  3.25033885e-02\n",
      "  -3.83153543e-03 -3.04632303e-03 -4.23719324e-03 -4.18550942e-03\n",
      "  -4.19267712e-03 -3.22480339e-03]\n",
      " [-3.65808939e-03 -3.77204493e-03 -3.94830395e-03 -3.69929684e-03\n",
      "  -3.51694298e-03 -4.15901475e-03 -4.28193285e-03 -3.83153543e-03\n",
      "   4.00285928e-02  2.84505627e-02 -3.95502764e-03 -3.71094152e-03\n",
      "  -3.87274987e-03 -3.90147616e-03]\n",
      " [-3.04267024e-03 -3.84125499e-03 -3.69172855e-03 -3.61066465e-03\n",
      "  -3.35342157e-03 -3.54547292e-03 -3.99267063e-03 -3.04632303e-03\n",
      "   2.84505627e-02  4.10067874e-02 -3.60830923e-03 -3.46484894e-03\n",
      "  -3.33977529e-03 -3.10622888e-03]\n",
      " [-3.90006563e-03 -4.16027586e-03 -4.11972638e-03 -4.00790569e-03\n",
      "  -4.10722086e-03 -3.97506331e-03 -3.98990650e-03 -4.23719324e-03\n",
      "  -3.95502764e-03 -3.60830923e-03  2.62936126e-02  2.39547863e-02\n",
      "   1.65122229e-02  1.01862306e-02]\n",
      " [-3.78040498e-03 -4.05907374e-03 -4.02383846e-03 -3.95601710e-03\n",
      "  -4.01292230e-03 -3.92028388e-03 -4.05438778e-03 -4.18550942e-03\n",
      "  -3.71094152e-03 -3.46484894e-03  2.39547863e-02  2.47704391e-02\n",
      "   1.64096437e-02  1.09817291e-02]\n",
      " [-3.83587423e-03 -4.18306204e-03 -4.26863715e-03 -4.15743150e-03\n",
      "  -4.00488392e-03 -3.97727806e-03 -4.20000431e-03 -4.19267712e-03\n",
      "  -3.87274987e-03 -3.33977529e-03  1.65122229e-02  1.64096437e-02\n",
      "   2.30003110e-02  1.37411202e-02]\n",
      " [-3.65640606e-03 -3.99662060e-03 -4.00706731e-03 -3.77435674e-03\n",
      "  -3.75853571e-03 -3.14667546e-03 -3.66089923e-03 -3.22480339e-03\n",
      "  -3.90147616e-03 -3.10622888e-03  1.01862306e-02  1.09817291e-02\n",
      "   1.37411202e-02  2.31388029e-02]]\n",
      "\n",
      "## PeCo_true\n",
      "[[ 1.          0.27124461  0.3656694   0.35024714  0.26963732 -0.05367917\n",
      "   0.02311145 -0.00919108 -0.15866989 -0.13821959 -0.19211576 -0.19505612\n",
      "  -0.20750661 -0.19872159]\n",
      " [ 0.27124461  1.          0.42694954  0.47847579  0.40301376  0.07463962\n",
      "   0.1432203   0.11232908 -0.17240541 -0.16540277 -0.21682461 -0.2207157\n",
      "  -0.23753408 -0.22148874]\n",
      " [ 0.3656694   0.42694954  1.          0.55758779  0.46868619  0.09029742\n",
      "   0.13922419  0.11417994 -0.23316783 -0.21762235 -0.28868222 -0.29112148\n",
      "  -0.31236432 -0.28996686]\n",
      " [ 0.35024714  0.47847579  0.55758779  1.          0.51965719  0.12099151\n",
      "   0.21240289  0.17956106 -0.21832577 -0.21132709 -0.2740094  -0.28004115\n",
      "  -0.29773803 -0.27397272]\n",
      " [ 0.26963732  0.40301376  0.46868619  0.51965719  1.          0.16876516\n",
      "   0.21338517  0.1807951  -0.19121776 -0.18386911 -0.2585791  -0.26290775\n",
      "  -0.26902686 -0.25051077]\n",
      " [-0.05367917  0.07463962  0.09029742  0.12099151  0.16876516  1.\n",
      "   0.67429465  0.77616912 -0.11676702 -0.09486919 -0.13558396 -0.13688472\n",
      "  -0.14209035 -0.11555606]\n",
      " [ 0.02311145  0.1432203   0.13922419  0.21240289  0.21338517  0.67429465\n",
      "   1.          0.62078799 -0.10778632 -0.09422861 -0.12545117 -0.12814899\n",
      "  -0.13801978 -0.11801775]\n",
      " [-0.00919108  0.11232908  0.11417994  0.17956106  0.1807951   0.77616912\n",
      "   0.62078799  1.         -0.10916768 -0.08877248 -0.1417436  -0.14484016\n",
      "  -0.15059267 -0.11902823]\n",
      " [-0.15866989 -0.17240541 -0.23316783 -0.21832577 -0.19121776 -0.11676702\n",
      "  -0.10778632 -0.10916768  1.          0.69750743 -0.12547267 -0.12329591\n",
      "  -0.126164   -0.12674352]\n",
      " [-0.13821959 -0.16540277 -0.21762235 -0.21132709 -0.18386911 -0.09486919\n",
      "  -0.09422861 -0.08877248  0.69750743  1.         -0.10612384 -0.10433186\n",
      "  -0.10606589 -0.10121537]\n",
      " [-0.19211576 -0.21682461 -0.28868222 -0.2740094  -0.2585791  -0.13558396\n",
      "  -0.12545117 -0.1417436  -0.12547267 -0.10612384  1.          0.9490399\n",
      "   0.66431749  0.40990614]\n",
      " [-0.19505612 -0.2207157  -0.29112148 -0.28004115 -0.26290775 -0.13688472\n",
      "  -0.12814899 -0.14484016 -0.12329591 -0.10433186  0.9490399   1.\n",
      "   0.69180518  0.45342299]\n",
      " [-0.20750661 -0.23753408 -0.31236432 -0.29773803 -0.26902686 -0.14209035\n",
      "  -0.13801978 -0.15059267 -0.126164   -0.10606589  0.66431749  0.69180518\n",
      "   1.          0.59143634]\n",
      " [-0.19872159 -0.22148874 -0.28996686 -0.27397272 -0.25051077 -0.11555606\n",
      "  -0.11801775 -0.11902823 -0.12674352 -0.10121537  0.40990614  0.45342299\n",
      "   0.59143634  1.        ]]\n",
      "## PeCo_ml\n",
      "[[ 1.          0.17083897  0.22229478  0.20479437  0.1436412  -0.04063572\n",
      "   0.01790082  0.00205211 -0.1118519  -0.09234767 -0.14159398 -0.14061343\n",
      "  -0.14626305 -0.13945028]\n",
      " [ 0.17083897  1.          0.24277112  0.27668069  0.24450229  0.05735913\n",
      "   0.11231761  0.08373083 -0.12016107 -0.12146246 -0.15735946 -0.15729441\n",
      "  -0.16617376 -0.15880192]\n",
      " [ 0.22229478  0.24277112  1.          0.28153207  0.24163631  0.06400909\n",
      "   0.09433179  0.08313724 -0.14959121 -0.13883765 -0.18533083 -0.18545368\n",
      "  -0.20168144 -0.18936427]\n",
      " [ 0.20479437  0.27668069  0.28153207  1.          0.27217484  0.08217321\n",
      "   0.14751369  0.12066038 -0.13653041 -0.13227548 -0.17563517 -0.17761015\n",
      "  -0.19134473 -0.17375169]\n",
      " [ 0.1436412   0.24450229  0.24163631  0.27217484  1.          0.12551151\n",
      "   0.15685565  0.12997381 -0.12500027 -0.11830845 -0.17333149 -0.17350252\n",
      "  -0.17750752 -0.16662502]\n",
      " [-0.04063572  0.05735913  0.06400909  0.08217321  0.12551151  1.\n",
      "   0.54472456  0.61909781 -0.09674707 -0.081866   -0.10979315 -0.11093391\n",
      "  -0.11537575 -0.09130094]\n",
      " [ 0.01790082  0.11231761  0.09433179  0.14751369  0.15685565  0.54472456\n",
      "   1.          0.50822747 -0.08985839 -0.08316953 -0.09941806 -0.10350074\n",
      "  -0.10991316 -0.0958258 ]\n",
      " [ 0.00205211  0.08373083  0.08313724  0.12066038  0.12997381  0.61909781\n",
      "   0.50822747  1.         -0.08770642 -0.06921759 -0.11516502 -0.11654838\n",
      "  -0.11968263 -0.09207414]\n",
      " [-0.1118519  -0.12016107 -0.14959121 -0.13653041 -0.12500027 -0.09674707\n",
      "  -0.08985839 -0.08770642  1.          0.59238236 -0.09850598 -0.09469189\n",
      "  -0.10130477 -0.10207846]\n",
      " [-0.09234767 -0.12146246 -0.13883765 -0.13227548 -0.11830845 -0.081866\n",
      "  -0.08316953 -0.06921759  0.59238236  1.         -0.08920697 -0.08775967\n",
      "  -0.08671809 -0.08067159]\n",
      " [-0.14159398 -0.15735946 -0.18533083 -0.17563517 -0.17333149 -0.10979315\n",
      "  -0.09941806 -0.11516502 -0.09850598 -0.08920697  1.          0.72577963\n",
      "   0.51286115  0.31644808]\n",
      " [-0.14061343 -0.15729441 -0.18545368 -0.17761015 -0.17350252 -0.11093391\n",
      "  -0.10350074 -0.11654838 -0.09469189 -0.08775967  0.72577963  1.\n",
      "   0.52216652  0.34952263]\n",
      " [-0.14626305 -0.16617376 -0.20168144 -0.19134473 -0.17750752 -0.11537575\n",
      "  -0.10991316 -0.11968263 -0.10130477 -0.08671809  0.51286115  0.52216652\n",
      "   1.          0.44834104]\n",
      " [-0.13945028 -0.15880192 -0.18936427 -0.17375169 -0.16662502 -0.09130094\n",
      "  -0.0958258  -0.09207414 -0.10207846 -0.08067159  0.31644808  0.34952263\n",
      "   0.44834104  1.        ]]\n",
      "## PeCo_dd\n",
      "[[ 1.          0.2560568   0.38086477  0.34362968  0.23332368 -0.05465558\n",
      "   0.02358779  0.00275297 -0.14755507 -0.12125845 -0.19410279 -0.19384583\n",
      "  -0.20411856 -0.19398537]\n",
      " [ 0.2560568   1.          0.42664514  0.47618942  0.40737181  0.07913294\n",
      "   0.15180645  0.11521685 -0.16259336 -0.16358986 -0.22126265 -0.22241865\n",
      "  -0.23786939 -0.22658627]\n",
      " [ 0.38086477  0.42664514  1.          0.55388672  0.46021674  0.10094587\n",
      "   0.14574465  0.13077308 -0.2313861  -0.21375375 -0.29788943 -0.29976818\n",
      "  -0.33001542 -0.30886454]\n",
      " [ 0.34362968  0.47618942  0.55388672  1.          0.50766743  0.12691364\n",
      "   0.22320196  0.18587397 -0.20681959 -0.19944215 -0.27647128 -0.28115704\n",
      "  -0.30663089 -0.27754293]\n",
      " [ 0.23332368  0.40737181  0.46021674  0.50766743  1.          0.18765871\n",
      "   0.22975923  0.19382817 -0.18330756 -0.17268734 -0.2641333  -0.26588517\n",
      "  -0.27537423 -0.25766086]\n",
      " [-0.05465558  0.07913294  0.10094587  0.12691364  0.18765871  1.\n",
      "   0.66068808  0.76448154 -0.11747731 -0.09894526 -0.13853759 -0.14076652\n",
      "  -0.14820669 -0.11690423]\n",
      " [ 0.02358779  0.15180645  0.14574465  0.22320196  0.22975923  0.66068808\n",
      "   1.          0.61482779 -0.10689623 -0.09847893 -0.12289814 -0.12866669\n",
      "  -0.13832179 -0.12020569]\n",
      " [ 0.00275297  0.11521685  0.13077308  0.18587397  0.19382817  0.76448154\n",
      "   0.61482779  1.         -0.10622417 -0.08344182 -0.14494019 -0.14750854\n",
      "  -0.15334169 -0.11758948]\n",
      " [-0.14755507 -0.16259336 -0.2313861  -0.20681959 -0.18330756 -0.11747731\n",
      "  -0.10689623 -0.10622417  1.          0.70222749 -0.12190997 -0.11785068\n",
      "  -0.12763431 -0.12819567]\n",
      " [-0.12125845 -0.16358986 -0.21375375 -0.19944215 -0.17268734 -0.09894526\n",
      "  -0.09847893 -0.08344182  0.70222749  1.         -0.10988812 -0.10871503\n",
      "  -0.10874831 -0.10084053]\n",
      " [-0.19410279 -0.22126265 -0.29788943 -0.27647128 -0.2641333  -0.13853759\n",
      "  -0.12289814 -0.14494019 -0.12190997 -0.10988812  1.          0.93864273\n",
      "   0.67144982  0.41296945]\n",
      " [-0.19384583 -0.22241865 -0.29976818 -0.28115704 -0.26588517 -0.14076652\n",
      "  -0.12866669 -0.14750854 -0.11785068 -0.10871503  0.93864273  1.\n",
      "   0.68748851  0.45870495]\n",
      " [-0.20411856 -0.23786939 -0.33001542 -0.30663089 -0.27537423 -0.14820669\n",
      "  -0.13832179 -0.15334169 -0.12763431 -0.10874831  0.67144982  0.68748851\n",
      "   1.          0.59564135]\n",
      " [-0.19398537 -0.22658627 -0.30886454 -0.27754293 -0.25766086 -0.11690423\n",
      "  -0.12020569 -0.11758948 -0.12819567 -0.10084053  0.41296945  0.45870495\n",
      "   0.59564135  1.        ]]\n",
      "## PCA dir\n",
      "err_ml -2.463420648293896\n",
      "err_dd -2.4638657598701212\n"
     ]
    }
   ],
   "source": [
    "## PC and PCA estimation\n",
    "mean_ml,cov_ml,PeCo_ml = sd.ml_covariance(data,size_factor=size_factor,verbose=False)\n",
    "mean_dd,cov_dd,PeCo_dd = sd.dd_covariance(data,size_factor=size_factor,verbose=False)\n",
    "\n",
    "_,V_ml = np.linalg.eigh(cov_ml)\n",
    "_,V_dd = np.linalg.eigh(cov_dd)\n",
    "\n",
    "\n",
    "print('## cov_true')\n",
    "print(cov_true)\n",
    "print('## cov_ml')\n",
    "print(cov_ml/Nr**2)\n",
    "print('## cov_dd')\n",
    "print(cov_dd/Nr**2)\n",
    "\n",
    "print('')\n",
    "\n",
    "print('## PeCo_true')\n",
    "print(PeCo_true)\n",
    "print('## PeCo_ml')\n",
    "print(PeCo_ml)\n",
    "print('## PeCo_dd')\n",
    "print(PeCo_dd)\n",
    "\n",
    "err_ml = np.log10(sd.cosine_distance(V_true[:,-1],V_ml[:,-1]))\n",
    "err_dd = np.log10(sd.cosine_distance(V_true[:,-1],V_dd[:,-1]))\n",
    "print('## PCA dir')\n",
    "print('err_ml',err_ml)\n",
    "print('err_dd',err_dd)"
   ]
  },
  {
   "cell_type": "code",
   "execution_count": 89,
   "metadata": {},
   "outputs": [
    {
     "data": {
      "text/plain": [
       "28.0"
      ]
     },
     "execution_count": 89,
     "metadata": {},
     "output_type": "execute_result"
    }
   ],
   "source": [
    "Nr/kappa"
   ]
  },
  {
   "cell_type": "code",
   "execution_count": 98,
   "metadata": {},
   "outputs": [
    {
     "data": {
      "text/plain": [
       "0.03571428571428571"
      ]
     },
     "execution_count": 98,
     "metadata": {},
     "output_type": "execute_result"
    }
   ],
   "source": [
    "1/28"
   ]
  },
  {
   "cell_type": "code",
   "execution_count": null,
   "metadata": {
    "collapsed": true
   },
   "outputs": [],
   "source": []
  },
  {
   "cell_type": "code",
   "execution_count": 116,
   "metadata": {},
   "outputs": [
    {
     "name": "stdout",
     "output_type": "stream",
     "text": [
      "p0_true [0.60714286 0.63870968 0.45414747 0.43156682]\n",
      "inactive_true [0.79654434 0.79236246 0.75774704 0.75852647]\n",
      "p0_ml [0.617 0.637 0.467 0.466]\n",
      "p0_dd [0.80473368 0.78844351 0.7606812  0.76018509]\n",
      "\n",
      "err_dd -4.231048867093086\n"
     ]
    }
   ],
   "source": [
    "Nr = 50\n",
    "Nc = 1000\n",
    "data,size_factor = dl.poi_data_gen_nd(p_true,x_true,Nc=Nc, Nr=Nr,random_seed=0)\n",
    "    \n",
    "p0_ml,p0_dd = sd.dd_inactive_prob(data,relative_depth=Nr/kappa,size_factor=size_factor,verbose=False)\n",
    "pw_p0_ml,pw_p0_dd = sd.dd_pairwise_inactive_prob(data,relative_depth=Nr/kappa,size_factor=size_factor,verbose=False)\n",
    "err_ml = np.log10(np.mean((p0_ml-inactive_true)**2)) - np.log10(np.mean(inactive_true**2))\n",
    "err_dd = np.log10(np.mean((p0_dd-inactive_true)**2)) - np.log10(np.mean(inactive_true**2))\n",
    "\n",
    "print('p0_true',p0_true[0:4])\n",
    "print('inactive_true',inactive_true[0:4])\n",
    "print('p0_ml',p0_ml[0:4])\n",
    "print('p0_dd',p0_dd[0:4])\n",
    "print('')\n",
    "print('err_dd',err_dd)\n",
    "\n",
    "# print('inactive_true',pairwise_inactive_true)\n",
    "# print('pw_p0_ml',pw_p0_ml)\n",
    "# print('pw_p0_dd',pw_p0_dd)\n",
    "\n",
    "# print('err_ml',err_ml)\n",
    "# print('err_dd',err_dd)"
   ]
  },
  {
   "cell_type": "code",
   "execution_count": 14,
   "metadata": {
    "collapsed": true
   },
   "outputs": [
    {
     "name": "stdout",
     "output_type": "stream",
     "text": [
      "err_ml 0.30373817561912786\n",
      "err_dd 0.13946661276516104\n",
      "err_ml 0.30715654822790284\n",
      "err_dd 0.1860469020510975\n",
      "err_ml 0.3871727952723237\n",
      "err_dd 0.11201331952992438\n",
      "err_ml 0.39250673566528754\n",
      "err_dd 0.12564184792958846\n",
      "err_ml 0.43124027562820133\n",
      "err_dd 0.18735824979425122\n",
      "err_ml 0.1801618244103818\n",
      "err_dd 0.13091751154426312\n",
      "err_ml 0.1797562919151687\n",
      "err_dd 0.09710889996473959\n",
      "err_ml 0.167457473681432\n",
      "err_dd 0.11763383380422424\n",
      "err_ml 0.17061652974028602\n",
      "err_dd 0.12799332155404036\n",
      "err_ml 0.16972666543066364\n",
      "err_dd 0.10649196079218481\n",
      "err_ml 0.18423000412479262\n",
      "err_dd 0.09712262760067052\n",
      "err_ml 0.18191763807775693\n",
      "err_dd 0.0953409266477089\n",
      "err_ml 0.1683647114022266\n",
      "err_dd 0.0740923864674652\n",
      "err_ml 0.21810724089316208\n",
      "err_dd 0.13729088530065303\n"
     ]
    }
   ],
   "source": [
    "## distrbution estimation\n",
    "# data,size_factor = dl.poi_data_gen_nd(p_true,x_true,sigma=0)\n",
    "data,size_factor = dl.poi_data_gen_nd(p_true,x_true,sigma=0,Nc=Nc, Nr=10,random_seed=0)\n",
    "for i_dim in range(data.shape[1]):\n",
    "    Y = np.array(data[:,i_dim].X).astype(int)\n",
    "\n",
    "    p_ml = np.bincount(Y)\n",
    "    p_ml = p_ml / np.sum(p_ml)\n",
    "    x_ml = np.arange(p_ml.shape[0])\n",
    "\n",
    "    p_dd,x_dd = sd.dd_distribution(Y,gamma=None,verbose=False)\n",
    "    \n",
    "    p_true_,x_true_ = dist_true[i_dim]\n",
    "\n",
    "    err_ml = dist_W1(p_true_,p_ml,x_true_,x_ml)\n",
    "    err_dd = dist_W1(p_true_,p_dd,x_true_,x_dd)\n",
    "\n",
    "    print('err_ml',err_ml)\n",
    "    print('err_dd',err_dd)"
   ]
  },
  {
   "cell_type": "markdown",
   "metadata": {},
   "source": [
    "# Simulation on the toy 4k-pbmc example"
   ]
  },
  {
   "cell_type": "code",
   "execution_count": 136,
   "metadata": {
    "scrolled": true
   },
   "outputs": [
    {
     "name": "stdout",
     "output_type": "stream",
     "text": [
      "0.02_0.28_1000\n",
      "0.05_0.70_1000\n"
     ]
    },
    {
     "ename": "KeyboardInterrupt",
     "evalue": "",
     "output_type": "error",
     "traceback": [
      "\u001b[0;31m---------------------------------------------------------------------------\u001b[0m",
