{
 "cells": [
  {
   "cell_type": "code",
   "execution_count": 1,
   "metadata": {},
   "outputs": [
    {
     "name": "stderr",
     "output_type": "stream",
     "text": [
      "/home/martin/anaconda3/lib/python3.6/site-packages/h5py/__init__.py:34: FutureWarning: Conversion of the second argument of issubdtype from `float` to `np.floating` is deprecated. In future, it will be treated as `np.float64 == np.dtype(float).type`.\n",
      "  from ._conv import register_converters as _register_converters\n"
     ]
    }
   ],
   "source": [
    "import numpy as np\n",
    "import scipy as sp\n",
    "import matplotlib.pyplot as plt\n",
    "import matplotlib.cm as cm\n",
    "import pandas as pd\n",
    "import h5py\n",
    "import os\n",
    "import time\n",
    "import pickle\n",
    "\n",
    "from util import *\n",
    "import scanpy.api as sc\n",
    "import data_loader as dl\n",
    "import scdd as sd\n",
    "\n",
    "%matplotlib inline\n",
    "%load_ext autoreload\n",
    "%autoreload 2\n",
    "\n",
    "from matplotlib import rcParams\n",
    "\n",
    "params = {\n",
    "   'axes.labelsize': 16,\n",
    "   'font.size': 16,\n",
    "   'legend.fontsize': 10,\n",
    "   'xtick.labelsize': 13,\n",
    "   'ytick.labelsize': 13,\n",
    "   'text.usetex': False,\n",
    "   'text.usetex': False,\n",
    "   }\n",
    "rcParams.update(params)"
   ]
  },
  {
   "cell_type": "code",
   "execution_count": 2,
   "metadata": {
    "collapsed": true
   },
   "outputs": [],
   "source": [
    "output_folder = './figures/figure_tradeoff_curve_simu'\n",
    "if not os.path.exists(output_folder):\n",
    "    os.makedirs(output_folder)"
   ]
  },
  {
   "cell_type": "code",
   "execution_count": 3,
   "metadata": {
    "collapsed": true
   },
   "outputs": [],
   "source": [
    "## Read subsample parameters\n",
    "fname = './figures/figure_tradeoff_curve/data/subsample_param.pickle'\n",
    "f_myfile = open(fname, 'rb')\n",
    "B_sub_list = pickle.load(f_myfile)\n",
    "subsample_param_dic = pickle.load(f_myfile)\n",
    "f_myfile.close()"
   ]
  },
  {
   "cell_type": "markdown",
   "metadata": {},
   "source": [
    "# Generate a nice toy example (from 4k)"
   ]
  },
  {
   "cell_type": "code",
   "execution_count": 4,
   "metadata": {},
   "outputs": [
    {
     "name": "stdout",
     "output_type": "stream",
     "text": [
      "Variable names are not unique. To make them unique, call `.var_names_make_unique`.\n"
     ]
    }
   ],
   "source": [
    "data = dl.load_10x_4k()\n",
    "mean_count = np.array(data.X.mean(axis=0)).reshape(-1)\n",
    "sort_idx = np.argsort(mean_count)[::-1]"
   ]
  },
  {
   "cell_type": "code",
   "execution_count": 13,
   "metadata": {},
   "outputs": [
    {
     "name": "stdout",
     "output_type": "stream",
     "text": [
      "['IL7R', 'CD3G', 'CD3E', 'CD3D', 'LCK', 'NKG7', 'GZMA', 'CST7', 'CD79A', 'MS4A1', 'S100A8', 'S100A9', 'MNDA', 'FGL2']\n"
     ]
    }
   ],
   "source": []
  },
  {
   "cell_type": "code",
   "execution_count": null,
   "metadata": {
    "collapsed": true
   },
   "outputs": [],
   "source": []
  },
  {
   "cell_type": "code",
   "execution_count": 14,
   "metadata": {
    "scrolled": true
   },
   "outputs": [
    {
     "name": "stdout",
     "output_type": "stream",
     "text": [
      "Variable names are not unique. To make them unique, call `.var_names_make_unique`.\n",
      "['IL7R', 'CD3G', 'CD3E', 'CD3D', 'LCK', 'NKG7', 'GZMA', 'CST7', 'CD79A', 'MS4A1', 'S100A8', 'S100A9', 'MNDA', 'FGL2']\n",
      "## cv_true [1.80374471 1.6739561  1.22562907 1.24697911 1.34434191 2.51246063\n",
      " 2.70973437 2.51805864 2.70054459 2.86635664 2.29075314 2.23225273\n",
      " 2.13523155 2.15749638]\n",
      "## PC_true\n",
      "[[ 1.          0.27124461  0.3656694   0.35024714  0.26963732 -0.05367917\n",
      "   0.02311145 -0.00919108 -0.15866989 -0.13821959 -0.19211576 -0.19505612\n",
      "  -0.20750661 -0.19872159]\n",
      " [ 0.27124461  1.          0.42694954  0.47847579  0.40301376  0.07463962\n",
      "   0.1432203   0.11232908 -0.17240541 -0.16540277 -0.21682461 -0.2207157\n",
      "  -0.23753408 -0.22148874]\n",
      " [ 0.3656694   0.42694954  1.          0.55758779  0.46868619  0.09029742\n",
      "   0.13922419  0.11417994 -0.23316783 -0.21762235 -0.28868222 -0.29112148\n",
      "  -0.31236432 -0.28996686]\n",
      " [ 0.35024714  0.47847579  0.55758779  1.          0.51965719  0.12099151\n",
      "   0.21240289  0.17956106 -0.21832577 -0.21132709 -0.2740094  -0.28004115\n",
      "  -0.29773803 -0.27397272]\n",
      " [ 0.26963732  0.40301376  0.46868619  0.51965719  1.          0.16876516\n",
      "   0.21338517  0.1807951  -0.19121776 -0.18386911 -0.2585791  -0.26290775\n",
      "  -0.26902686 -0.25051077]\n",
      " [-0.05367917  0.07463962  0.09029742  0.12099151  0.16876516  1.\n",
      "   0.67429465  0.77616912 -0.11676702 -0.09486919 -0.13558396 -0.13688472\n",
      "  -0.14209035 -0.11555606]\n",
      " [ 0.02311145  0.1432203   0.13922419  0.21240289  0.21338517  0.67429465\n",
      "   1.          0.62078799 -0.10778632 -0.09422861 -0.12545117 -0.12814899\n",
      "  -0.13801978 -0.11801775]\n",
      " [-0.00919108  0.11232908  0.11417994  0.17956106  0.1807951   0.77616912\n",
      "   0.62078799  1.         -0.10916768 -0.08877248 -0.1417436  -0.14484016\n",
      "  -0.15059267 -0.11902823]\n",
      " [-0.15866989 -0.17240541 -0.23316783 -0.21832577 -0.19121776 -0.11676702\n",
      "  -0.10778632 -0.10916768  1.          0.69750743 -0.12547267 -0.12329591\n",
      "  -0.126164   -0.12674352]\n",
      " [-0.13821959 -0.16540277 -0.21762235 -0.21132709 -0.18386911 -0.09486919\n",
      "  -0.09422861 -0.08877248  0.69750743  1.         -0.10612384 -0.10433186\n",
      "  -0.10606589 -0.10121537]\n",
      " [-0.19211576 -0.21682461 -0.28868222 -0.2740094  -0.2585791  -0.13558396\n",
      "  -0.12545117 -0.1417436  -0.12547267 -0.10612384  1.          0.9490399\n",
      "   0.66431749  0.40990614]\n",
      " [-0.19505612 -0.2207157  -0.29112148 -0.28004115 -0.26290775 -0.13688472\n",
      "  -0.12814899 -0.14484016 -0.12329591 -0.10433186  0.9490399   1.\n",
      "   0.69180518  0.45342299]\n",
      " [-0.20750661 -0.23753408 -0.31236432 -0.29773803 -0.26902686 -0.14209035\n",
      "  -0.13801978 -0.15059267 -0.126164   -0.10606589  0.66431749  0.69180518\n",
      "   1.          0.59143634]\n",
      " [-0.19872159 -0.22148874 -0.28996686 -0.27397272 -0.25051077 -0.11555606\n",
      "  -0.11801775 -0.11902823 -0.12674352 -0.10121537  0.40990614  0.45342299\n",
      "   0.59143634  1.        ]]\n",
      "## p0_true\n",
      "[0.60714286 0.63870968 0.45414747 0.43156682 0.50760369 0.64170507\n",
      " 0.759447   0.78917051 0.78732719 0.81705069 0.38456221 0.30852535\n",
      " 0.69907834 0.73341014]\n",
      "## p0_true_ub\n",
      "[0.82784973 0.87161305 0.74606795 0.71033046 0.81487861 0.80171729\n",
      " 0.87579656 0.90197324 0.87929292 0.9098752  0.6514953  0.60734369\n",
      " 0.818375   0.88760525]\n",
      "## inactive_true\n",
      "[0.82784973 0.87161305 0.74606795 0.71033046 0.81487861 0.80171729\n",
      " 0.87579656 0.90197324 0.87929292 0.9098752  0.6514953  0.60734369\n",
      " 0.818375   0.88760525]\n"
     ]
    }
   ],
   "source": [
    "data = dl.load_10x_4k()\n",
    "\n",
    "marker_gene_dic={}\n",
    "marker_gene_dic['T-cells']= ['IL7R','CD3G','CD3E','CD3D','LCK']\n",
    "marker_gene_dic['NK-cells']= ['NKG7','PRF1','KLRD1','GZMA','HOPX','CST7']\n",
    "marker_gene_dic['B-cells']= ['CD79A','BANK1','IGHD','LINC00926','MS4A1']\n",
    "marker_gene_dic['myeloid']= ['S100A8','S100A9']\n",
    "marker_gene_dic['Innate Immunity']= ['MNDA','FGL2','CLEC7A','CD6S','IFI30']\n",
    "marker_gene_dic['HSC']= ['CD34','GATA2','PRSS57','SMIM24','CYTL1']\n",
    "\n",
    "gene_list = []\n",
    "for key_ in marker_gene_dic.keys():\n",
    "    for gene in marker_gene_dic[key_]:\n",
    "        if gene in data.var_names:\n",
    "            if data[:,gene].X.mean()>0.5:\n",
    "                gene_list.append(gene)\n",
    "print(gene_list)\n",
    "\n",
    "\n",
    "Y = np.array(data[:,gene_list].X.todense()).astype(dtype=int)\n",
    "\n",
    "p_true = np.ones([Y.shape[0]])\n",
    "p_true = p_true / np.sum(p_true)\n",
    "x_true = Y / np.sum(Y) * Y.shape[0]\n",
    "\n",
    "mean_true = x_true.mean(axis=0)\n",
    "var_true = x_true.var(axis=0)\n",
    "cv_true = np.sqrt(var_true)/mean_true\n",
    "cov_true = np.cov(x_true.T)\n",
    "_,V_true = np.linalg.eigh(cov_true)\n",
    "PC_true = np.corrcoef(x_true.T)\n",
    "p0_true = np.mean(x_true==0,axis=0)\n",
    "kappa = 10\n",
    "p0_true_ub = np.mean(np.exp(-kappa*x_true),axis=0)\n",
    "inactive_true = np.mean(np.exp(-kappa*x_true),axis=0)\n",
    "\n",
    "##\n",
    "p_dist_true_1d = np.bincount(Y[:,0])\n",
    "p_dist_true_1d = p_dist_true_1d / np.sum(p_dist_true_1d)\n",
    "x_dist_true_1d = np.arange(p_dist_true_1d.shape[0])\n",
    "\n",
    "print('## cv_true',cv_true)\n",
    "print('## PC_true')\n",
    "print(PC_true)\n",
    "\n",
    "print('## p0_true')\n",
    "print(p0_true)\n",
    "\n",
    "print('## p0_true_ub')\n",
    "print(p0_true_ub)\n",
    "\n",
    "print('## inactive_true')\n",
    "print(inactive_true)\n"
   ]
  },
  {
   "cell_type": "markdown",
   "metadata": {},
   "source": [
    "# Diagnosis"
   ]
  },
  {
   "cell_type": "code",
   "execution_count": 5,
   "metadata": {
    "collapsed": true
   },
   "outputs": [],
   "source": [
    "data,size_factor = dl.poi_data_gen_nd(p_true,x_true,Nr=5)"
   ]
  },
  {
   "cell_type": "code",
   "execution_count": 6,
   "metadata": {},
   "outputs": [
    {
     "name": "stdout",
     "output_type": "stream",
     "text": [
      "## cv_true [1.24697911 1.22562907 2.51246063 2.70973437]\n",
      "## cv_ml [1.53680615 1.5758406  2.615666   2.9247539 ]\n",
      "## cv_dd [1.25294778 1.21967581 2.51320674 2.64090728]\n"
     ]
    }
   ],
   "source": [
    "## cv \n",
    "M_ml,M_dd = sd.dd_1d_moment(data,verbose=False,size_factor=size_factor)\n",
    "cv_ml = sd.M_to_cv(M_ml)\n",
    "cv_dd = sd.M_to_cv(M_dd)\n",
    "print('## cv_true',cv_true)\n",
    "print('## cv_ml',cv_ml)\n",
    "print('## cv_dd',cv_dd)\n"
   ]
  },
  {
   "cell_type": "code",
   "execution_count": 7,
   "metadata": {},
   "outputs": [
    {
     "name": "stdout",
     "output_type": "stream",
     "text": [
      "## PC_true\n",
      "[[1.         0.55758779 0.12099151 0.21240289]\n",
      " [0.55758779 1.         0.09029742 0.13922419]\n",
      " [0.12099151 0.09029742 1.         0.67429465]\n",
      " [0.21240289 0.13922419 0.67429465 1.        ]]\n",
      "## PC_ml\n",
      "[[1.         0.34758465 0.10072425 0.14818407]\n",
      " [0.34758465 1.         0.06563366 0.09969749]\n",
      " [0.10072425 0.06563366 1.         0.63818482]\n",
      " [0.14818407 0.09969749 0.63818482 1.        ]]\n",
      "## PC_dd\n",
      "[[1.         0.55082618 0.12858024 0.20129075]\n",
      " [0.55082618 1.         0.08825688 0.14265542]\n",
      " [0.12858024 0.08825688 1.         0.73559153]\n",
      " [0.20129075 0.14265542 0.73559153 1.        ]]\n",
      "## PCA dir\n",
      "err_ml -4.325181096564695\n",
      "err_dd -4.115364277849505\n"
     ]
    }
   ],
   "source": [
    "## PC and PCA estimation\n",
    "mean_ml,cov_ml,PC_ml = sd.ml_covariance(data,size_factor=size_factor,verbose=False)\n",
    "mean_dd,cov_dd,PC_dd = sd.dd_covariance(data,size_factor=size_factor,verbose=False)\n",
    "\n",
    "_,V_ml = np.linalg.eigh(cov_ml)\n",
    "_,V_dd = np.linalg.eigh(cov_dd)\n",
    "\n",
    "\n",
    "print('## PC_true')\n",
    "print(PC_true)\n",
    "\n",
    "print('## PC_ml')\n",
    "print(PC_ml)\n",
    "\n",
    "print('## PC_dd')\n",
    "print(PC_dd)\n",
    "\n",
    "err_ml = np.log10(sd.cosine_distance(V_true[:,-1],V_ml[:,-1]))\n",
    "err_dd = np.log10(sd.cosine_distance(V_true[:,-1],V_dd[:,-1]))\n",
    "print('## PCA dir')\n",
    "print('err_ml',err_ml)\n",
    "print('err_dd',err_dd)"
   ]
  },
  {
   "cell_type": "code",
   "execution_count": 8,
   "metadata": {},
   "outputs": [
    {
     "name": "stdout",
     "output_type": "stream",
     "text": [
      "p0_true [0.43156682 0.45414747 0.64170507 0.759447  ]\n",
      "p0_true_ub [0.47225287 0.49837058 0.67969528 0.78016585]\n",
      "p0_ml [0.5503 0.5863 0.7296 0.8102]\n",
      "p0_dd [0.46889517 0.48375825 0.68419644 0.777067  ]\n",
      "err_ml [-1.10764305 -1.05586581 -1.30185836 -1.52238467]\n",
      "err_dd [-2.47395828 -1.83528039 -2.34667504 -2.50879952]\n"
     ]
    }
   ],
   "source": [
    "## Inactive probability estimation\n",
    "def error_p0(p0_hat,p0_ub,p0_lb):\n",
    "    err1 = (p0_hat-p0_ub).clip(min=0)\n",
    "    err2 = (p0_lb-p0_hat).clip(min=0)\n",
    "    err = np.stack([err1,err2],axis=0)\n",
    "    return err.max(axis=0)\n",
    "    \n",
    "p0_ml,p0_dd = sd.dd_inactive_prob(data,relative_depth=0.5,size_factor=size_factor,verbose=False)\n",
    "err_ml = np.log10(np.absolute(p0_ml-inactive_true))\n",
    "err_dd = np.log10(np.absolute(p0_dd-inactive_true))\n",
    "\n",
    "print('p0_true',p0_true)\n",
    "print('p0_true_ub',p0_true_ub)\n",
    "print('p0_ml',p0_ml)\n",
    "print('p0_dd',p0_dd)\n",
    "\n",
    "print('err_ml',err_ml)\n",
    "print('err_dd',err_dd)"
   ]
  },
  {
   "cell_type": "code",
   "execution_count": 9,
   "metadata": {},
   "outputs": [
    {
     "name": "stdout",
     "output_type": "stream",
     "text": [
      "p0_true [0.43156682 0.45414747 0.64170507 0.759447  ]\n",
      "p0_true_ub [0.47225287 0.49837058 0.67969528 0.78016585]\n",
      "p0_ml [0.5503 0.5863 0.7296 0.8102]\n",
      "p0_dd [0.45237078 0.44528272 0.66614403 0.76727572]\n",
      "err_ml -1.2112742311105469\n",
      "err_dd -2.654393528973616\n"
     ]
    }
   ],
   "source": [
    "## Zero probability estimation\n",
    "def error_p0(p0_hat,p0_ub,p0_lb):\n",
    "    err1 = (p0_hat-p0_ub).clip(min=0)\n",
    "    err2 = (p0_lb-p0_hat).clip(min=0)\n",
    "    err = np.stack([err1,err2],axis=0)\n",
    "    return err.max(axis=0)\n",
    "    \n",
    "p0_ml,p0_dd = sd.dd_zero_prob(data,verbose=False)\n",
    "err_ml = np.log10(np.mean(error_p0(p0_ml,p0_true_ub,p0_true)).clip(min=1e-5))\n",
    "err_dd = np.log10(np.mean(error_p0(p0_dd,p0_true_ub,p0_true)).clip(min=1e-5))\n",
    "\n",
    "print('p0_true',p0_true)\n",
    "print('p0_true_ub',p0_true_ub)\n",
    "print('p0_ml',p0_ml)\n",
    "print('p0_dd',p0_dd)\n",
    "\n",
    "print('err_ml',err_ml)\n",
    "print('err_dd',err_dd)"
   ]
  },
  {
   "cell_type": "code",
   "execution_count": 10,
   "metadata": {},
   "outputs": [
    {
     "name": "stdout",
     "output_type": "stream",
     "text": [
      "err_ml 0.22736726564707774\n",
      "err_dd 0.09354041059088346\n"
     ]
    }
   ],
   "source": [
    "## distrbution estimation\n",
    "data,size_factor = dl.poi_data_gen_nd(p_true,x_true,sigma=0)\n",
    "Y = np.array(data[:,0].X).astype(int)\n",
    "\n",
    "p_ml = np.bincount(Y)\n",
    "p_ml = p_ml / np.sum(p_ml)\n",
    "x_ml = np.arange(p_ml.shape[0])\n",
    "\n",
    "p_dd,x_dd = sd.dd_distribution(Y,gamma=None,verbose=False)\n",
    "\n",
    "err_ml = dist_W1(p_dist_true_1d,p_ml,x_dist_true_1d,x_ml)\n",
    "err_dd = dist_W1(p_dist_true_1d,p_dd,x_dist_true_1d,x_dd)\n",
    "\n",
    "print('err_ml',err_ml)\n",
    "print('err_dd',err_dd)"
   ]
  },
  {
   "cell_type": "markdown",
   "metadata": {},
   "source": [
    "# Simulation on the toy 4k-pbmc example"
   ]
  },
  {
   "cell_type": "code",
   "execution_count": 15,
   "metadata": {
    "collapsed": true,
    "scrolled": false
   },
   "outputs": [],
   "source": [
    "n_rep = 10\n",
    "G = len(gene_list)\n",
    "\n",
    "test_list = ['cv','PC','PCA','zero','dist']\n",
    "\n",
    "## use a two-layer dic to store the result\n",
    "err_ml_dic = {}\n",
    "err_dd_dic = {}\n",
    "\n",
    "for test_type in test_list:\n",
    "    err_ml_dic[test_type] = {}\n",
    "    err_dd_dic[test_type] = {}\n",
    "\n",
    "for B in subsample_param_dic.keys():\n",
    "    for i in range(len(subsample_param_dic[B][0])):\n",
    "        Nr_bar = subsample_param_dic[B][0][i]\n",
    "        Nc = subsample_param_dic[B][1][i]\n",
    "        Nr = Nr_bar*G\n",
    "        key_ = '%d_%0.2f_%0.2f_%d'%(B,Nr_bar,Nr,Nc)\n",
    "        \n",
    "        for test_type in test_list:            \n",
    "            err_ml_dic[test_type][key_] = []\n",
    "            err_dd_dic[test_type][key_] = []\n",
    "        for i_rep in range(n_rep):\n",
    "            ## Data generation\n",
    "            \n",
    "            data,size_factor = dl.poi_data_gen_nd(p_true,x_true,Nc=Nc,Nr=Nr,random_seed=i_rep)\n",
    "            \n",
    "            ## cv \n",
    "            M_ml,M_dd = sd.dd_1d_moment(data,verbose=False,size_factor=size_factor)\n",
    "            cv_ml = sd.M_to_cv(M_ml)\n",
    "            cv_dd = sd.M_to_cv(M_dd)\n",
    "            err_ml = np.log10(np.mean((cv_true-cv_ml)**2))\n",
    "            err_dd = np.log10(np.mean((cv_true-cv_dd)**2))\n",
    "            err_ml_dic['cv'][key_].append(err_ml)\n",
    "            err_dd_dic['cv'][key_].append(err_dd)\n",
    "            \n",
    "            ## PC and PCA\n",
    "            mean_ml,cov_ml,PC_ml = sd.ml_covariance(data,size_factor=size_factor,verbose=False)\n",
    "            mean_dd,cov_dd,PC_dd = sd.dd_covariance(data,size_factor=size_factor,verbose=False,PC_prune=False)\n",
    "            \n",
    "            err_ml = np.log10(sd.d_PC(PC_true,PC_ml))\n",
    "            err_dd = np.log10(sd.d_PC(PC_true,PC_dd))\n",
    "            \n",
    "            err_ml_dic['PC'][key_].append(err_ml)\n",
    "            err_dd_dic['PC'][key_].append(err_dd)\n",
    "\n",
    "            ## PCA\n",
    "            _,V_ml = np.linalg.eigh(cov_ml)\n",
    "            _,V_dd = np.linalg.eigh(cov_dd)\n",
    "\n",
    "            err_ml = np.log10(sd.cosine_distance(V_true[:,-1],V_ml[:,-1]))\n",
    "            err_dd = np.log10(sd.cosine_distance(V_true[:,-1],V_dd[:,-1]))\n",
    "            \n",
    "            err_ml_dic['PCA'][key_].append(err_ml)\n",
    "            err_dd_dic['PCA'][key_].append(err_dd)\n",
    "            \n",
    "            ## zero                        \n",
    "            p0_ml,p0_dd = sd.dd_inactive_prob(data,relative_depth=Nr/kappa,size_factor=size_factor,verbose=False)\n",
    "            err_ml = np.log10(np.absolute(p0_ml-inactive_true))\n",
    "            err_dd = np.log10(np.absolute(p0_dd-inactive_true))\n",
    "            err_ml_dic['zero'][key_].append(err_ml)\n",
    "            err_dd_dic['zero'][key_].append(err_dd)\n",
    "            \n",
    "            ## distribution\n",
    "            data,size_factor = dl.poi_data_gen_nd(p_true,x_true,sigma=0,Nc=Nc,Nr=Nr,random_seed=i_rep)\n",
    "            Y = np.array(data[:,0].X).astype(int)\n",
    "\n",
    "            p_ml = np.bincount(Y)\n",
    "            p_ml = p_ml / np.sum(p_ml)\n",
    "            x_ml = np.arange(p_ml.shape[0])\n",
    "\n",
    "            p_dd,x_dd = sd.dd_distribution(Y,gamma=None,verbose=False)\n",
    "\n",
    "            err_ml = np.log10(dist_W1(p_dist_true_1d,p_ml,x_dist_true_1d,x_ml))\n",
    "            err_dd = np.log10(dist_W1(p_dist_true_1d,p_dd,x_dist_true_1d,x_dd))\n",
    "            \n",
    "            err_ml_dic['dist'][key_].append(err_ml)\n",
    "            err_dd_dic['dist'][key_].append(err_dd)\n",
    "\n",
    "## Save the data\n",
    "fname = output_folder+'/data/tradeoff_error_statistics.pickle'\n",
    "f_myfile = open(fname,'wb')\n",
    "pickle.dump(err_ml_dic, f_myfile)\n",
    "pickle.dump(err_dd_dic, f_myfile)\n",
    "f_myfile.close()"
   ]
  },
  {
   "cell_type": "code",
   "execution_count": 25,
   "metadata": {
    "scrolled": false
   },
   "outputs": [
    {
     "data": {
